1.363873995952829876e+00 1.608081936931688771e+00 1.655439273431100089e+00
1.509979279963292065e+00 1.783805619116557661e+00 1.696141549094782874e+00
2.330804695392562298e+00 2.668109363090119146e+00 2.330804695392562298e+00
2.102799984632093278e+00 2.254873226984052792e+00 2.303460567967277051e+00
2.152860909150889235e+00 2.351921902262201769e+00 2.548763160955765272e+00
1.637298754957362101e+00 1.854328600218326795e+00 1.827400157840491479e+00
1.297715419044955798e+00 1.491178215832688725e+00 1.479840441569547860e+00
1.756337373554832437e+00 1.953235692321020123e+00 2.046293395010951421e+00
2.361268463078723290e+00 2.652308635033015172e+00 2.880141041933714785e+00
1.497498934711916752e+00 1.723170008261827535e+00 1.833161353466957966e+00
1.509979279963292065e+00 1.818879050373363171e+00 1.529319037300983064e+00
1.447539014456776574e+00 1.704117092611753481e+00 1.470618401908181605e+00
2.022771329246059846e+00 2.193927016320885492e+00 2.487498929255372637e+00
2.222890570981525205e+00 2.428261911309742782e+00 2.575561668699675177e+00
2.530085995066473803e+00 2.852114560522003295e+00 2.966143689126302885e+00
1.509979279963292065e+00 1.707621680449967538e+00 2.222038756476300669e+00
2.018063264546859248e+00 2.283764268297063804e+00 2.385670539583732541e+00
1.509979279963292065e+00 1.706417923633139377e+00 2.222038756476300669e+00
1.610907025315808871e+00 1.826854022203223682e+00 2.259257024963572391e+00
1.509979279963292065e+00 1.829003160772014080e+00 1.509979279963292065e+00
1.509979279963292065e+00 1.793108310132250027e+00 1.696141549094782874e+00
1.784557587984316518e+00 2.047006061420145073e+00 2.066265302879802146e+00
1.509979279963292065e+00 1.869973045456931660e+00 2.222396587088137920e+00
2.070435114330826387e+00 2.179237763602317468e+00 2.105083334058107880e+00
2.022771329246059402e+00 2.182350659002394444e+00 2.022771329246059402e+00
2.102799984632093278e+00 2.264239546688088467e+00 2.389164074801190196e+00
1.435146747440136261e+00 1.619971543122941782e+00 1.462733652275703067e+00
1.914656735169282920e+00 2.281910741717383395e+00 2.039077403372870023e+00
2.022771329246059402e+00 2.221934701664085132e+00 2.022975560347631152e+00
