2.271797236862567626e+00 2.425234388246216621e+00 2.328722060135292260e+00
2.137790567024547173e+00 2.293004909381111567e+00 2.464228142132536270e+00
2.491912046563495853e+00 2.570275485748681810e+00 2.522258605350036653e+00
2.151618703067548655e+00 2.290955634615701619e+00 2.165095067404879448e+00
2.941847890236377605e+00 3.040394340372694515e+00 2.941847890236377605e+00
2.471177110894955398e+00 2.564942923683806608e+00 2.471177110894955398e+00
2.151618703067549099e+00 2.292763203595661992e+00 2.165095067404879003e+00
2.271797236862567626e+00 2.456826208266467582e+00 2.271797236862567626e+00
2.471177110894955398e+00 2.579417549511745289e+00 2.518599880167092131e+00
2.137790567024547173e+00 2.274965800555958317e+00 2.137790567024547173e+00
2.271797236862568070e+00 2.448280759557179387e+00 2.601237251841436393e+00
2.271797236862567626e+00 2.446198362378982250e+00 2.601237251841435949e+00
2.471177110894955398e+00 2.576262197216020233e+00 2.640409689369556112e+00
2.882398857193035902e+00 2.949975131332509104e+00 2.887656551215541878e+00
2.471177110894954954e+00 2.585418896804931421e+00 2.520382743505837908e+00
2.137790567024547173e+00 2.225784196857879760e+00 2.464228142132536270e+00
2.882398857193035902e+00 2.959772781267683950e+00 2.952906668181302319e+00
2.137790567024547173e+00 2.261291007072721904e+00 2.464228142132536270e+00
2.151618703067549099e+00 2.322287618065637993e+00 2.475302191420759801e+00
2.137790567024547173e+00 2.285522708635327582e+00 2.426495474836134036e+00
2.271797236862568070e+00 2.370144478573036562e+00 2.603398662312071732e+00
2.482769574079811914e+00 2.642270978783589630e+00 2.645534373807940653e+00
2.151618703067548655e+00 2.304580713978826800e+00 2.439255224633137153e+00
2.271797236862567626e+00 2.423169168193446410e+00 2.429248486761219628e+00
2.491912046563495853e+00 2.606156904636159233e+00 2.704243789490397898e+00
2.471177110894955398e+00 2.586203207433075857e+00 2.471177110894955398e+00
2.491912046563495853e+00 2.615560054730388551e+00 2.680437432220100114e+00
2.137790567024547173e+00 2.341598278367544861e+00 2.249217350557439321e+00
2.471177110894954954e+00 2.594955777146579656e+00 2.640409689369556556e+00
2.151618703067549099e+00 2.282586612816832172e+00 2.165095067404879003e+00
