1.923360074646891738e+00 2.093305583147738513e+00 2.068594248553554227e+00
1.664124039505646246e+00 1.941062072830061380e+00 2.072341607018504117e+00
2.465099360089057612e+00 2.700781091654605337e+00 2.944718894124387365e+00
1.749356903322810464e+00 1.935833256888038534e+00 1.749356903322810464e+00
2.218819434204476693e+00 2.406937943408402614e+00 2.755067226923952006e+00
1.749356903322810464e+00 1.986873790205312407e+00 2.072486498968135749e+00
1.749356903322810464e+00 1.939824529489462268e+00 1.940801973518637036e+00
1.951839246860604726e+00 2.136607742900760609e+00 2.189723889553287783e+00
2.501524077639664778e+00 2.777973484268711157e+00 2.969339010648739396e+00
1.706560654460995252e+00 1.909389369175930273e+00 1.980363589238867572e+00
1.741841665437115383e+00 2.004964359847670519e+00 2.274126345084751755e+00
1.741841665437115383e+00 1.963800793079888196e+00 1.768606718728655380e+00
2.259012768839045115e+00 2.432771133876814762e+00 2.555538150857554758e+00
2.280146635371201214e+00 2.521067585811366474e+00 2.807999359580620080e+00
2.662894322198954278e+00 2.905858715700285977e+00 2.938140564570826285e+00
1.664124039505646913e+00 1.832526411800899924e+00 2.072341607018504117e+00
2.279790516916142096e+00 2.434990280831895948e+00 2.625975138083109783e+00
1.664124039505646913e+00 1.848042857670460837e+00 2.072341607018504117e+00
1.664124039505646246e+00 1.950694574804695991e+00 2.291590970069050659e+00
1.726022041011230801e+00 2.029648115377209017e+00 2.269292108735172064e+00
1.726022041011230801e+00 1.980944059976005089e+00 2.269292108735172064e+00
1.951839246860605170e+00 2.167424269129035963e+00 2.232192004923001516e+00
1.741841665437115383e+00 1.964398268687168159e+00 2.274126345084751755e+00
2.236782996022061987e+00 2.497256310895147546e+00 2.313394872951772818e+00
2.199368960232100711e+00 2.358375758212944540e+00 2.542629246764914530e+00
1.749356903322810464e+00 1.955970157588967862e+00 1.749356903322810464e+00
1.873574016528981367e+00 2.036111146031803099e+00 2.066483106426200145e+00
2.218819434204476249e+00 2.492269020772783783e+00 2.597370831885515763e+00
2.259012768839045560e+00 2.439449929961702956e+00 2.555538150857554758e+00
1.749356903322810464e+00 1.944409550905869200e+00 1.749356903322810464e+00
