2.827086333206378477e+00 2.889339855980256111e+00 2.909767833303493756e+00
2.827086333206378477e+00 2.882429979088684924e+00 2.839768043234506045e+00
2.827086333206378477e+00 2.886089224422472732e+00 2.839768043234505601e+00
2.827086333206378477e+00 2.861893842933159071e+00 2.827086333206378921e+00
2.827086333206378477e+00 2.870988442222147885e+00 2.855414293751504573e+00
2.827086333206378477e+00 2.876572023201790174e+00 2.909767833303493756e+00
2.827086333206378477e+00 2.869231453392577347e+00 2.827086333206378477e+00
2.827086333206378477e+00 2.873571880330993977e+00 2.909767833303493756e+00
2.827086333206378477e+00 2.877104977781973716e+00 2.909767833303493756e+00
2.827086333206378477e+00 2.861759604064406215e+00 2.839768043234505601e+00
2.827086333206378477e+00 2.876583052007685826e+00 2.909767833303493756e+00
2.827086333206378477e+00 2.876731279032129329e+00 2.909767833303493756e+00
2.827086333206378477e+00 2.874046710002060578e+00 2.909767833303493756e+00
2.827086333206378477e+00 2.882429979088684924e+00 2.941943069406016686e+00
2.827086333206378477e+00 2.884661797589321619e+00 2.909767833303493756e+00
2.827086333206378477e+00 2.880423632313448223e+00 2.839768043234505601e+00
2.827086333206378477e+00 2.866187173768355301e+00 2.941943069406016686e+00
2.827086333206378477e+00 2.884068889491547161e+00 2.839768043234505601e+00
2.827086333206378477e+00 2.869053077770398197e+00 2.827086333206378477e+00
2.827086333206378477e+00 2.874340204701153034e+00 2.839768043234506045e+00
2.827086333206378477e+00 2.867002594241735203e+00 2.909767833303493756e+00
2.827086333206378477e+00 2.856796120430479924e+00 2.827086333206378921e+00
2.827086333206378477e+00 2.870013765918427939e+00 2.827086333206378921e+00
2.827086333206378477e+00 2.901082978531831280e+00 2.909767833303493756e+00
2.827086333206378477e+00 2.867622691587451644e+00 2.839768043234505601e+00
2.827086333206378477e+00 2.889800697495632953e+00 2.909767833303493756e+00
2.827086333206378477e+00 2.872745431051717091e+00 2.839768043234505601e+00
2.827086333206378477e+00 2.875770590884099143e+00 2.839768043234506045e+00
2.827086333206378477e+00 2.891582703286788458e+00 2.909767833303493756e+00
2.827086333206378477e+00 2.867977270545456037e+00 2.827086333206378477e+00
2.827086333206378477e+00 2.876155318439839625e+00 2.827086333206378477e+00
