
joint model first action entropies
((2, 1), (2, 0)) 5.98580616296
((2, 1), (1, 1)) 5.98580616296
((2, 1), (0, 2)) 5.9053225723
((0, 0), (2, 0)) 5.98580616296
((0, 0), (1, 1)) 5.9053225723
((0, 0), (0, 2)) 5.98580616296
((1, 2), (2, 0)) 5.9053225723
((1, 2), (1, 1)) 5.98580616296
((1, 2), (0, 2)) 5.98580616296

hyp model
((2, 1), (2, 0)) 5.88240394055
((2, 1), (1, 1)) 5.88240394055
((2, 1), (0, 2)) 5.80726481742
((0, 0), (2, 0)) 5.88240394055
((0, 0), (1, 1)) 5.80726481742
((0, 0), (0, 2)) 5.88240394055
((1, 2), (2, 0)) 5.80726481742
((1, 2), (1, 1)) 5.88240394055
((1, 2), (0, 2)) 5.88240394055

theory
((2, 1), (2, 0)) 2.27441321378
((2, 1), (1, 1)) 2.27441321378
((2, 1), (0, 2)) 2.36896353991
((0, 0), (2, 0)) 2.27441321378
((0, 0), (1, 1)) 2.36896353991
((0, 0), (0, 2)) 2.27441321378
((1, 2), (2, 0)) 2.36896353991
((1, 2), (1, 1)) 2.27441321378
((1, 2), (0, 2)) 2.27441321378