2.420094975854090613e+00 2.666629775997486629e+00 2.498057484749403478e+00
2.420094975854089725e+00 2.646906762728581608e+00 2.881313272154939931e+00
2.888358424297512439e+00 3.010041238259533181e+00 2.980202741071685146e+00
2.420094975854090613e+00 2.658900701220509699e+00 2.420094975854090613e+00
2.952023266842006333e+00 3.073288186075481043e+00 2.952023266842006333e+00
2.888358424297513327e+00 3.006445709065698857e+00 2.890892160711078684e+00
2.420094975854090613e+00 2.619947722468773499e+00 2.420094975854090613e+00
2.420094975854090613e+00 2.586498721918212063e+00 2.420094975854090613e+00
2.888358424297513327e+00 2.994728206512582869e+00 2.980202741071686035e+00
2.420094975854090613e+00 2.660581259433825174e+00 2.420094975854090613e+00
2.420094975854090613e+00 2.602708250532672629e+00 2.881313272154940819e+00
2.420094975854090613e+00 2.641645543748267766e+00 2.881313272154940375e+00
2.888358424297513327e+00 3.046566808086917710e+00 3.102527903988343105e+00
2.952023266842006333e+00 3.067906644461274812e+00 2.952023266842006333e+00
2.888358424297512439e+00 2.991512737780783748e+00 3.073520009848004442e+00
2.420094975854090613e+00 2.549118007866607805e+00 2.881313272154940819e+00
2.952023266842006333e+00 3.054871213407970743e+00 2.987900210936716316e+00
2.420094975854090613e+00 2.609559636733254528e+00 2.881313272154940819e+00
2.420094975854090613e+00 2.620926175214000065e+00 2.881313272154940375e+00
2.420094975854089725e+00 2.665718499364814420e+00 2.881313272154939931e+00
2.420094975854090613e+00 2.609265386935981201e+00 2.881313272154940375e+00
2.888358424297512439e+00 2.989935656253089213e+00 2.890892160711078684e+00
2.420094975854090613e+00 2.597514207664914032e+00 2.881313272154940819e+00
2.420094975854090613e+00 2.600049239574130588e+00 2.621507397009127605e+00
2.888358424297512439e+00 2.980877911396350388e+00 3.102527903988343994e+00
2.888358424297513327e+00 2.983831740030955526e+00 2.890892160711078684e+00
2.888358424297512439e+00 2.997261277388282075e+00 2.888358424297512439e+00
2.420094975854089725e+00 2.623845847913538698e+00 2.524647594334826106e+00
2.888358424297512439e+00 2.974393934712181498e+00 3.102527903988343994e+00
2.420094975854090613e+00 2.634216031128921998e+00 2.420094975854090613e+00
