3.179499734518513865e+00 3.238625697039252849e+00 3.194997971857668873e+00
3.179499734518513865e+00 3.226420182422046423e+00 3.286639968727058214e+00
3.301158586011722296e+00 3.347740191944026833e+00 3.348026750483007685e+00
3.179499734518513865e+00 3.235126952064375505e+00 3.179499734518513865e+00
3.338707895413570714e+00 3.362915948175723369e+00 3.338707895413570714e+00
3.301158586011722296e+00 3.340627363609962597e+00 3.301158586011722296e+00
3.179499734518513865e+00 3.224337443601441144e+00 3.179499734518513865e+00
3.179499734518513865e+00 3.225645270555088651e+00 3.179499734518513865e+00
3.301158586011722296e+00 3.343243427271870960e+00 3.348026750483007685e+00
3.179499734518514309e+00 3.221171349912245407e+00 3.179499734518514309e+00
3.179499734518513865e+00 3.256103699504092841e+00 3.286639968727056882e+00
3.179499734518513865e+00 3.229502305194663414e+00 3.286639968727058214e+00
3.301158586011722296e+00 3.336142233092778575e+00 3.371567420722068942e+00
3.338707895413570714e+00 3.380771823563152090e+00 3.338707895413570714e+00
3.301158586011722296e+00 3.343223648820727867e+00 3.373584280021515003e+00
3.179499734518514309e+00 3.248981430795409242e+00 3.286639968727058214e+00
3.338707895413570714e+00 3.369573704124280145e+00 3.349294857704777417e+00
3.179499734518514309e+00 3.250248449906707471e+00 3.286639968727058214e+00
3.179499734518513865e+00 3.238366547754468083e+00 3.286639968727057326e+00
3.179499734518513865e+00 3.217532656715104800e+00 3.286639968727057326e+00
3.179499734518513865e+00 3.247708281041492118e+00 3.286639968727056438e+00
3.301158586011721852e+00 3.347779748846311687e+00 3.301158586011721852e+00
3.179499734518513865e+00 3.243758236664624484e+00 3.286639968727058214e+00
3.179499734518513865e+00 3.245072194260892218e+00 3.252150985608913469e+00
3.301158586011722296e+00 3.334391554397105661e+00 3.371567420722068942e+00
3.301158586011722296e+00 3.327772845882472463e+00 3.301158586011722296e+00
3.301158586011722296e+00 3.333294610044352346e+00 3.302364800172869153e+00
3.179499734518513865e+00 3.231678053752561119e+00 3.245801349161961280e+00
3.301158586011722296e+00 3.340416558029217331e+00 3.371567420722068942e+00
3.179499734518513865e+00 3.241218067799410019e+00 3.179499734518513865e+00
