2.057262053556032644e+00 2.266782116928628632e+00 2.166375776072351655e+00
2.057262053556032200e+00 2.322825487251239274e+00 2.524577159215987798e+00
2.700458502742869360e+00 2.851380942552009135e+00 2.815079782117011487e+00
2.057262053556032644e+00 2.318844149711608349e+00 2.057262053556032644e+00
2.783008914729593553e+00 2.885156604843859718e+00 2.783008914729593553e+00
2.700458502742869360e+00 2.799982153378113736e+00 2.711257457584310249e+00
2.057262053556032200e+00 2.241809644377460664e+00 2.057262053556032200e+00
2.057262053556032644e+00 2.249586822661514773e+00 2.057262053556032644e+00
2.700458502742869360e+00 2.805173269604748665e+00 2.815079782117011487e+00
2.057262053556032644e+00 2.296307754852297212e+00 2.057262053556032644e+00
2.057262053556032200e+00 2.236424869513233826e+00 2.524577159215987798e+00
2.057262053556032644e+00 2.295540976383026788e+00 2.524577159215987354e+00
2.700458502742869360e+00 2.828889560643236489e+00 2.873556009238130926e+00
2.783008914729593553e+00 2.892856585854298501e+00 2.783008914729593553e+00
2.700458502742869360e+00 2.812659705477854821e+00 2.930961498599091719e+00
2.057262053556032644e+00 2.303307576291867331e+00 2.524577159215987354e+00
2.783008914729593553e+00 2.897315821233831024e+00 2.827601268524912115e+00
2.057262053556032644e+00 2.270638290559427563e+00 2.524577159215987354e+00
2.057262053556032200e+00 2.259023846326961404e+00 2.524577159215987354e+00
2.057262053556032200e+00 2.288548359716609859e+00 2.524577159215987798e+00
2.057262053556032200e+00 2.248041562813740235e+00 2.524577159215987354e+00
2.700458502742869804e+00 2.836347981740451107e+00 2.711257457584310693e+00
2.057262053556032644e+00 2.279175042539598905e+00 2.524577159215986466e+00
2.057262053556032644e+00 2.269156737200089591e+00 2.321730264929563248e+00
2.700458502742869360e+00 2.801826069250025419e+00 2.873556009238129594e+00
2.700458502742869360e+00 2.790850352166675652e+00 2.711257457584310249e+00
2.700458502742869360e+00 2.822997886010506274e+00 2.700458502742869360e+00
2.057262053556032200e+00 2.283915953775347063e+00 2.151017716006539793e+00
2.700458502742869360e+00 2.787926540810619525e+00 2.873556009238129594e+00
2.057262053556032200e+00 2.265247435456067659e+00 2.057262053556032200e+00
