1.976513030452993203e+00 2.182025876413373311e+00 2.092549294727561904e+00
1.976513030452993647e+00 2.234513769482343815e+00 2.409766551396993695e+00
2.658615672423100929e+00 2.796901466811295922e+00 2.778372426359109859e+00
1.976513030452992759e+00 2.236744576211229685e+00 1.976513030452992759e+00
2.746422876295473436e+00 2.849818721249662623e+00 2.746422876295473436e+00
2.658615672423100484e+00 2.751170144285596475e+00 2.671818155124281891e+00
1.976513030452992759e+00 2.162149241067154115e+00 1.976513030452992759e+00
1.976513030452993203e+00 2.171183536047167628e+00 1.976513030452993203e+00
2.658615672423100484e+00 2.756497857847338473e+00 2.778372426359108971e+00
1.976513030452993647e+00 2.211073104240645737e+00 1.976513030452993647e+00
1.976513030452993203e+00 2.151878837806290967e+00 2.409766551396993695e+00
1.976513030452993203e+00 2.212286132919165649e+00 2.409766551396993695e+00
2.658615672423100484e+00 2.780991342660074306e+00 2.801050315548692993e+00
2.746422876295472992e+00 2.857142696316192332e+00 2.746422876295472992e+00
2.658615672423100484e+00 2.768068126617633684e+00 2.897539229747496226e+00
1.976513030452993647e+00 2.217884643998256688e+00 2.409766551396993695e+00
2.746422876295472992e+00 2.861773942859196396e+00 2.792735341725518960e+00
1.976513030452993647e+00 2.185386604174215819e+00 2.409766551396993695e+00
1.976513030452992759e+00 2.174754542532010504e+00 2.409766551396993695e+00
1.976513030452993647e+00 2.201247467007687142e+00 2.409766551396993695e+00
1.976513030452993203e+00 2.167619506151688746e+00 2.409766551396993695e+00
2.658615672423100040e+00 2.790512875324078657e+00 2.671818155124282335e+00
1.976513030452992759e+00 2.197434996629576531e+00 2.409766551396993695e+00
1.976513030452993203e+00 2.181581110385468314e+00 2.255605583341321996e+00
2.658615672423100929e+00 2.750983790474958557e+00 2.801050315548693437e+00
2.658615672423100484e+00 2.743358790466877473e+00 2.671818155124281891e+00
2.658615672423100929e+00 2.786075158714657718e+00 2.658615672423100929e+00
1.976513030452993647e+00 2.198218287376039193e+00 2.065723801266027504e+00
2.658615672423100484e+00 2.742224896007398272e+00 2.801050315548692993e+00
1.976513030452992759e+00 2.181897630418816014e+00 1.976513030452992759e+00
