1.961100002345175009e+00 2.207445421971082844e+00 2.078481328558055008e+00
1.961100002345175009e+00 2.194805401088935959e+00 2.385800055991891711e+00
2.650614931342204272e+00 2.786554120032720849e+00 2.771331730585005371e+00
1.961100002345175009e+00 2.173799846902338295e+00 1.961100002345175009e+00
2.739479718778424555e+00 2.876121759235180431e+00 2.739479718778424555e+00
2.650614931342203828e+00 2.783541994715731160e+00 2.664295867797169759e+00
1.961100002345175009e+00 2.172113547243919918e+00 1.961100002345175009e+00
1.961100002345175009e+00 2.239266969811142260e+00 1.961100002345175009e+00
2.650614931342203828e+00 2.770153291683420171e+00 2.771331730585004482e+00
1.961100002345175009e+00 2.215306051639261753e+00 1.961100002345175009e+00
1.961100002345175009e+00 2.131697017603671807e+00 2.385800055991891711e+00
1.961100002345175009e+00 2.169158183258636630e+00 2.385800055991891266e+00
2.650614931342203828e+00 2.757304871796778301e+00 2.785939598436099729e+00
2.739479718778424555e+00 2.861898843841923945e+00 2.739479718778424555e+00
2.650614931342204272e+00 2.773752046715885378e+00 2.891027119078492191e+00
1.961100002345175009e+00 2.132966081930536273e+00 2.385800055991891266e+00
2.739479718778424555e+00 2.838347828794628214e+00 2.786120217048622116e+00
1.961100002345175009e+00 2.157837285968903007e+00 2.385800055991891266e+00
1.961100002345175009e+00 2.235221930729183626e+00 2.385800055991891711e+00
1.961100002345175009e+00 2.205946909148480906e+00 2.385800055991891711e+00
1.961100002345175009e+00 2.254403457687096157e+00 2.385800055991891711e+00
2.650614931342204272e+00 2.782076483962962588e+00 2.664295867797170203e+00
1.961100002345175009e+00 2.139507588006300587e+00 2.385800055991891266e+00
1.961100002345175009e+00 2.194020989691376489e+00 2.243037443241728379e+00
2.650614931342204272e+00 2.748113142840570511e+00 2.785939598436099729e+00
2.650614931342203828e+00 2.746703426592926434e+00 2.664295867797169759e+00
2.650614931342204272e+00 2.772843132404607225e+00 2.650614931342204272e+00
1.961100002345175009e+00 2.149797267070536311e+00 2.049344305304446667e+00
2.650614931342204272e+00 2.752493361803056704e+00 2.785939598436099729e+00
1.961100002345175009e+00 2.201346907164700717e+00 1.961100002345175009e+00
