1.944709069091224318e+00 2.139799632534297391e+00 2.063536848054021711e+00
1.944709069091224318e+00 2.175097808728502891e+00 2.359472997100247049e+00
2.642098936825114652e+00 2.722606284752287387e+00 2.763822694476688380e+00
1.944709069091224318e+00 2.184514860424133342e+00 1.944709069091224318e+00
2.732110785687822840e+00 2.847557230106747106e+00 2.732110785687822840e+00
2.642098936825114652e+00 2.694304749065045357e+00 2.656294961662794218e+00
1.944709069091224318e+00 2.153575480206527448e+00 1.944709069091224318e+00
1.944709069091224318e+00 2.154182105086854815e+00 1.944709069091224318e+00
2.642098936825114652e+00 2.784195008298642193e+00 2.763822694476688824e+00
1.944709069091224318e+00 2.151583409322992857e+00 1.944709069091224318e+00
1.944709069091224318e+00 2.159028885109060880e+00 2.359472997100247049e+00
1.944709069091224318e+00 2.168919592121805628e+00 2.359472997100247049e+00
2.642098936825114652e+00 2.731380853978014223e+00 2.769342213384379470e+00
2.732110785687822840e+00 2.828697178588864158e+00 2.732110785687822840e+00
2.642098936825114652e+00 2.778460208173641810e+00 2.884038215884382694e+00
1.944709069091224318e+00 2.099432177387821064e+00 2.359472997100247049e+00
2.732110785687822840e+00 2.838095483846424294e+00 2.779102311975622630e+00
1.944709069091224318e+00 2.141455874651690738e+00 2.359472997100247049e+00
1.944709069091224318e+00 2.198591713160040761e+00 2.359472997100247049e+00
1.944709069091224318e+00 2.154670089132461719e+00 2.359472997100247049e+00
1.944709069091224318e+00 2.054963248897275108e+00 2.359472997100247049e+00
2.642098936825114652e+00 2.743348631908484769e+00 2.656294961662794218e+00
1.944709069091224318e+00 2.132176649507032895e+00 2.359472997100247049e+00
1.944709069091224318e+00 2.159891523364197319e+00 2.229699128878110947e+00
2.642098936825114652e+00 2.794761268900294748e+00 2.769342213384380358e+00
2.642098936825114652e+00 2.762055072306173198e+00 2.656294961662794218e+00
2.642098936825114652e+00 2.758387939502483732e+00 2.642098936825114652e+00
1.944709069091224318e+00 2.217984144247508560e+00 2.031884988623210653e+00
2.642098936825114652e+00 2.743155093502021025e+00 2.769342213384380358e+00
1.944709069091224318e+00 2.145642020374853409e+00 1.944709069091224318e+00
