2.044814781378847535e+00 2.261280419584626777e+00 2.154987695971251949e+00
2.044814781378847535e+00 2.224466730559458316e+00 2.507960428399689246e+00
2.694014384385494232e+00 2.828515181136691758e+00 2.809433705747647281e+00
2.044814781378847535e+00 2.262934856046789900e+00 2.044814781378847535e+00
2.777346331910610200e+00 2.858627772550377699e+00 2.777346331910610200e+00
2.694014384385494232e+00 2.800924193697503561e+00 2.705171928300004858e+00
2.044814781378847535e+00 2.222149115465192004e+00 2.044814781378847535e+00
2.044814781378847535e+00 2.218958084829838917e+00 2.044814781378847535e+00
2.694014384385494232e+00 2.812010234950110377e+00 2.809433705747647725e+00
2.044814781378847535e+00 2.200528427287340438e+00 2.044814781378847535e+00
2.044814781378847535e+00 2.331895144461181069e+00 2.507960428399689246e+00
2.044814781378847535e+00 2.209798887664407907e+00 2.507960428399689246e+00
2.694014384385494232e+00 2.796780910178258583e+00 2.863043947975774994e+00
2.777346331910610200e+00 2.912993536050687560e+00 2.777346331910610200e+00
2.694014384385494232e+00 2.816267436454320983e+00 2.925872890230968526e+00
2.044814781378847535e+00 2.315099744989979058e+00 2.507960428399689246e+00
2.777346331910610200e+00 2.879740324510421168e+00 2.822205793809704932e+00
2.044814781378847535e+00 2.328092973032001023e+00 2.507960428399689246e+00
2.044814781378847535e+00 2.273119088746676120e+00 2.507960428399688801e+00
2.044814781378847535e+00 2.214033213968097158e+00 2.507960428399689246e+00
2.044814781378847535e+00 2.328946210182221144e+00 2.507960428399689246e+00
2.694014384385494232e+00 2.820000778128270547e+00 2.705171928300004858e+00
2.044814781378847535e+00 2.306931805654607093e+00 2.507960428399688801e+00
2.044814781378847535e+00 2.276901081784989067e+00 2.311512912448992374e+00
2.694014384385494232e+00 2.783356176553419825e+00 2.863043947975774550e+00
2.694014384385494232e+00 2.763663834215765114e+00 2.705171928300004858e+00
2.694014384385494232e+00 2.775860585742077724e+00 2.694014384385494232e+00
2.044814781378847535e+00 2.243290104451719724e+00 2.137922952966847756e+00
2.694014384385494232e+00 2.799046436326625198e+00 2.863043947975774994e+00
2.044814781378847535e+00 2.307785042804826769e+00 2.044814781378847535e+00
