2.709900226450429717e+00 2.923988328511305745e+00 2.762389746595224516e+00
2.709900226450429717e+00 2.848036061670363051e+00 3.055458597330840131e+00
3.039673555477591105e+00 3.129608984092921986e+00 3.115433814389997114e+00
2.709900226450429717e+00 2.860553022805262469e+00 2.709900226450429717e+00
3.093368928592259870e+00 3.174500931861327757e+00 3.093368928592259870e+00
3.039673555477591105e+00 3.112279564752994165e+00 3.039673555477591105e+00
2.709900226450429717e+00 2.870606807934593441e+00 2.709900226450429717e+00
2.709900226450429717e+00 2.867797228070988691e+00 2.709900226450429717e+00
3.039673555477591105e+00 3.129608984092921986e+00 3.115433814389997558e+00
2.709900226450429717e+00 2.862548276056509078e+00 2.709900226450429717e+00
2.709900226450429717e+00 2.882248864307336511e+00 3.055458597330840131e+00
2.709900226450429717e+00 2.820583201697413944e+00 3.055458597330840131e+00
3.039673555477591105e+00 3.121374785196405988e+00 3.218031232030534206e+00
3.093368928592259870e+00 3.185018496348821948e+00 3.093368928592259870e+00
3.039673555477591105e+00 3.114475477738715803e+00 3.184357223991089114e+00
2.709900226450429717e+00 2.855505877091215616e+00 3.055458597330840131e+00
3.093368928592259870e+00 3.180940756230023148e+00 3.120553862717588167e+00
2.709900226450429717e+00 2.928265023318724403e+00 3.055458597330840131e+00
2.709900226450429717e+00 2.889328037567734597e+00 3.055458597330840576e+00
2.709900226450429717e+00 2.833241390982947472e+00 3.055458597330840131e+00
2.709900226450429717e+00 2.906770988117083565e+00 3.055458597330840576e+00
3.039673555477591105e+00 3.120776836438965862e+00 3.039673555477591105e+00
2.709900226450429717e+00 2.904042058254314274e+00 3.055458597330840576e+00
2.709900226450429717e+00 2.865172752063748884e+00 2.862121097880180098e+00
3.039673555477591105e+00 3.143869977007624605e+00 3.218031232030534650e+00
3.039673555477591105e+00 3.158338343858974717e+00 3.039673555477591105e+00
3.039673555477591105e+00 3.107992169989588493e+00 3.040530917214503859e+00
2.709900226450429717e+00 2.918493694490662094e+00 2.810843140731360101e+00
3.039673555477591105e+00 3.147700858040090477e+00 3.218031232030534650e+00
2.709900226450429717e+00 2.860387990799934776e+00 2.709900226450429717e+00
