2.032029978097880107e+00 2.340352194021553256e+00 2.143292745236210273e+00
2.032029978097880107e+00 2.251252124568402291e+00 2.490502520976076717e+00
2.687393728844330809e+00 2.796815237198277515e+00 2.803631266579566628e+00
2.032029978097880107e+00 2.259552521661703839e+00 2.032029978097880107e+00
2.771538915848106743e+00 2.890796608087689457e+00 2.771538915848106743e+00
2.687393728844331253e+00 2.792450884164393354e+00 2.698924240325714763e+00
2.032029978097880107e+00 2.288362028213871469e+00 2.032029978097880107e+00
2.032029978097880107e+00 2.269968279000069256e+00 2.032029978097880107e+00
2.687393728844331253e+00 2.796815237198278403e+00 2.803631266579566628e+00
2.032029978097879219e+00 2.258842002286235662e+00 2.032029978097879219e+00
2.032029978097879219e+00 2.280823669556636180e+00 2.490502520976076717e+00
2.032029978097880107e+00 2.206050016549789383e+00 2.490502520976077161e+00
2.687393728844331253e+00 2.787932425862151398e+00 2.852007719467058333e+00
2.771538915848106743e+00 2.905170274773868577e+00 2.771538915848106743e+00
2.687393728844330809e+00 2.790097501723762807e+00 2.920624666624014321e+00
2.032029978097879219e+00 2.254931343178298242e+00 2.490502520976077161e+00
2.771538915848106743e+00 2.898400366372626547e+00 2.816671638523049026e+00
2.032029978097879219e+00 2.328929103703416992e+00 2.490502520976077161e+00
2.032029978097880107e+00 2.294710452784738841e+00 2.490502520976076273e+00
2.032029978097880107e+00 2.224121024712249817e+00 2.490502520976076717e+00
2.032029978097879219e+00 2.314163054038911760e+00 2.490502520976077605e+00
2.687393728844331253e+00 2.788008012093072807e+00 2.698924240325714763e+00
2.032029978097880107e+00 2.308805428732999765e+00 2.490502520976076273e+00
2.032029978097880107e+00 2.264405140643154013e+00 2.301026571678978172e+00
2.687393728844330809e+00 2.808003491832397280e+00 2.852007719467057889e+00
2.687393728844331253e+00 2.830173534462228080e+00 2.698924240325714763e+00
2.687393728844330809e+00 2.762407122105394741e+00 2.687393728844330809e+00
2.032029978097880107e+00 2.319660819289565801e+00 2.124453547765999595e+00
2.687393728844330809e+00 2.812662317571021031e+00 2.852007719467058777e+00
2.032029978097880107e+00 2.263023547551441084e+00 2.032029978097880107e+00
