2.005277571183869956e+00 2.199311887777500196e+00 2.118830119973595050e+00
2.005277571183869956e+00 2.240163252941585803e+00 2.452634877936175961e+00
2.673532809675999378e+00 2.756319048134105110e+00 2.791475008780960110e+00
2.005277571183869956e+00 2.252895300271961609e+00 2.005277571183869956e+00
2.759415287790693228e+00 2.874516157519890314e+00 2.759415287790693228e+00
2.673532809675998934e+00 2.728682371181526456e+00 2.685858628500410905e+00
2.005277571183869956e+00 2.216590205554829218e+00 2.005277571183869956e+00
2.005277571183869956e+00 2.227452624472222364e+00 2.005277571183869956e+00
2.673532809675998934e+00 2.822650759100977957e+00 2.791475008780960554e+00
2.005277571183869956e+00 2.214380474149550970e+00 2.005277571183869956e+00
2.005277571183869956e+00 2.227133363956744994e+00 2.452634877936176849e+00
2.005277571183869956e+00 2.236278887430439788e+00 2.452634877936175961e+00
2.673532809675998934e+00 2.764696110953817509e+00 2.828093202108145743e+00
2.759415287790693228e+00 2.855609156324805831e+00 2.759415287790693228e+00
2.673532809675998934e+00 2.818577164262299650e+00 2.909565098881746081e+00
2.005277571183869956e+00 2.159294037951484668e+00 2.452634877936176849e+00
2.759415287790693228e+00 2.864749540215371759e+00 2.805117207243524202e+00
2.005277571183869956e+00 2.207028212604197570e+00 2.452634877936176849e+00
2.005277571183869956e+00 2.263715457851524171e+00 2.452634877936176849e+00
2.005277571183869956e+00 2.222587093509792666e+00 2.452634877936175961e+00
2.005277571183869956e+00 2.115167229632271439e+00 2.452634877936176849e+00
2.673532809675998934e+00 2.790488564997081866e+00 2.685858628500410905e+00
2.005277571183869956e+00 2.196216234838558101e+00 2.452634877936176849e+00
2.005277571183869956e+00 2.222394640630712459e+00 2.279113449596815943e+00
2.673532809675999378e+00 2.825312614329051453e+00 2.828093202108146187e+00
2.673532809675998934e+00 2.800903797553857544e+00 2.685858628500410905e+00
2.673532809675999378e+00 2.792945904789895906e+00 2.673532809675999378e+00
2.005277571183869956e+00 2.283158704268264838e+00 2.096202980122920501e+00
2.673532809675998934e+00 2.785619521489016037e+00 2.828093202108146187e+00
2.005277571183869956e+00 2.208702846710065337e+00 2.005277571183869956e+00
