2.018867907183946819e+00 2.284863091174036853e+00 2.131255396158358018e+00
2.018867907183946819e+00 2.260057530960728922e+00 2.472102953797965963e+00
2.680575526046220070e+00 2.797524496736362387e+00 2.797653266759019708e+00
2.018867907183946819e+00 2.287085325555591631e+00 2.018867907183946819e+00
2.765569329543066779e+00 2.906214979197287551e+00 2.765569329543067667e+00
2.680575526046220070e+00 2.786118752395865261e+00 2.692494846734834191e+00
2.018867907183946819e+00 2.231776404181307960e+00 2.018867907183946819e+00
2.018867907183946819e+00 2.213405861783415585e+00 2.018867907183946819e+00
2.680575526046220070e+00 2.799564090705809694e+00 2.797653266759018820e+00
2.018867907183946819e+00 2.274921511086989590e+00 2.018867907183946819e+00
2.018867907183946819e+00 2.228193212494525621e+00 2.472102953797965963e+00
2.018867907183946819e+00 2.248742152648137704e+00 2.472102953797965519e+00
2.680575526046220070e+00 2.842064958241095063e+00 2.840384117013885934e+00
2.765569329543066779e+00 2.899403011963539889e+00 2.765569329543067667e+00
2.680575526046220958e+00 2.789946244468604952e+00 2.915197154258503343e+00
2.018867907183946819e+00 2.182685453297305234e+00 2.472102953797965519e+00
2.765569329543066779e+00 2.885044693332833532e+00 2.810982444434718897e+00
2.018867907183946819e+00 2.236067614114117141e+00 2.472102953797965519e+00
2.018867907183946819e+00 2.241871243098655597e+00 2.472102953797965963e+00
2.018867907183946819e+00 2.288229235535684580e+00 2.472102953797965963e+00
2.018867907183946819e+00 2.231743611391991955e+00 2.472102953797965963e+00
2.680575526046220070e+00 2.793090930296405094e+00 2.692494846734834191e+00
2.018867907183946819e+00 2.230338817460929768e+00 2.472102953797965519e+00
2.018867907183946819e+00 2.230262188045779581e+00 2.290240075177231827e+00
2.680575526046220070e+00 2.781979122259556014e+00 2.840384117013885934e+00
2.680575526046220070e+00 2.775070477230190402e+00 2.692494846734834191e+00
2.680575526046220070e+00 2.774410978324584498e+00 2.680575526046220070e+00
2.018867907183946819e+00 2.237395778630028254e+00 2.110565640645816199e+00
2.680575526046220958e+00 2.762170771090048937e+00 2.840384117013885934e+00
2.018867907183946819e+00 2.261134058278392978e+00 2.018867907183946819e+00
