1.991191024355595474e+00 2.240458541720300012e+00 2.105956345456901690e+00
1.991191024355595474e+00 2.227871703156311778e+00 2.431932232728196031e+00
2.666229648162904642e+00 2.802636120899232086e+00 2.785063508893889761e+00
1.991191024355595474e+00 2.205394385455769601e+00 1.991191024355595474e+00
2.753047052550701590e+00 2.889496728279713267e+00 2.753047052550701590e+00
2.666229648162904642e+00 2.802708002361575357e+00 2.678982075047271483e+00
1.991191024355595474e+00 2.204601358968982350e+00 1.991191024355595474e+00
1.991191024355595474e+00 2.272921048639109376e+00 1.991191024355595474e+00
2.666229648162904642e+00 2.789559499666393716e+00 2.785063508893889761e+00
1.991191024355595474e+00 2.247172032420901466e+00 1.991191024355595474e+00
1.991191024355595474e+00 2.162688630195530148e+00 2.431932232728195142e+00
1.991191024355595474e+00 2.201329660451317949e+00 2.431932232728196031e+00
2.666229648162904642e+00 2.775317073754421493e+00 2.815030120724812512e+00
2.753047052550701590e+00 2.875188609496482250e+00 2.753047052550701590e+00
2.666229648162904642e+00 2.789254404234587259e+00 2.903694848297794451e+00
1.991191024355595474e+00 2.165167302226406854e+00 2.431932232728196031e+00
2.753047052550701590e+00 2.851680315616955230e+00 2.799047928032177612e+00
1.991191024355595474e+00 2.188167482797097385e+00 2.431932232728196031e+00
1.991191024355595474e+00 2.269784431929764423e+00 2.431932232728196031e+00
1.991191024355595474e+00 2.238420126971335300e+00 2.431932232728195142e+00
1.991191024355595474e+00 2.289660100284586441e+00 2.431932232728196031e+00
2.666229648162904642e+00 2.800561924359456611e+00 2.678982075047271483e+00
1.991191024355595474e+00 2.172456132017242414e+00 2.431932232728196031e+00
1.991191024355595474e+00 2.228188983123382094e+00 2.267593471009345940e+00
2.666229648162904642e+00 2.767715717619205762e+00 2.815030120724813401e+00
2.666229648162904642e+00 2.764729182502467797e+00 2.678982075047271483e+00
2.666229648162904642e+00 2.791249275795939955e+00 2.666229648162904642e+00
1.991191024355595474e+00 2.178840238257297557e+00 2.081290670082893257e+00
2.666229648162904642e+00 2.768919078845299531e+00 2.815030120724812956e+00
1.991191024355595474e+00 2.235160532947147338e+00 1.991191024355595474e+00
