2.271863155832637204e+00 2.490212628551328855e+00 2.271863155832637204e+00
2.271863155832637204e+00 2.271863155832637204e+00 2.271863155832637204e+00
2.271863155832637204e+00 2.271863155832637204e+00 2.271863155832637204e+00
2.271863155832637204e+00 2.271863155832637204e+00 2.271863155832637204e+00
2.271863155832637204e+00 2.381037892191983030e+00 2.490212628551328855e+00
2.271863155832637204e+00 2.381037892191983030e+00 2.271863155832637204e+00
2.271863155832637204e+00 2.271863155832637204e+00 2.271863155832637204e+00
2.271863155832637204e+00 2.271863155832637204e+00 2.271863155832637204e+00
2.271863155832637204e+00 2.381037892191983030e+00 2.271863155832637204e+00
2.271863155832637204e+00 2.381037892191983030e+00 2.271863155832637204e+00
2.271863155832637204e+00 2.381037892191983030e+00 2.271863155832637204e+00
2.271863155832637204e+00 2.271863155832637204e+00 2.271863155832637204e+00
2.271863155832637204e+00 2.381037892191983030e+00 2.271863155832637204e+00
2.271863155832637204e+00 2.381037892191983030e+00 2.490212628551328855e+00
2.271863155832637204e+00 2.381037892191983030e+00 2.271863155832637204e+00
2.271863155832637204e+00 2.271863155832637204e+00 2.271863155832637204e+00
2.271863155832637204e+00 2.271863155832637204e+00 2.490212628551328855e+00
2.271863155832637204e+00 2.271863155832637204e+00 2.271863155832637204e+00
2.271863155832637204e+00 2.381037892191983030e+00 2.271863155832637204e+00
2.271863155832637204e+00 2.381037892191983030e+00 2.271863155832637204e+00
2.271863155832637204e+00 2.381037892191983030e+00 2.271863155832637204e+00
2.271863155832637204e+00 2.381037892191983030e+00 2.271863155832637204e+00
2.271863155832637204e+00 2.381037892191983030e+00 2.271863155832637204e+00
2.271863155832637204e+00 2.381037892191983030e+00 2.271863155832637204e+00
2.271863155832637204e+00 2.271863155832637204e+00 2.271863155832637204e+00
2.271863155832637204e+00 2.271863155832637204e+00 2.271863155832637204e+00
2.271863155832637204e+00 2.381037892191983030e+00 2.271863155832637204e+00
2.271863155832637204e+00 2.271863155832637204e+00 2.271863155832637204e+00
2.271863155832637204e+00 2.381037892191983030e+00 2.271863155832637204e+00
2.271863155832637204e+00 2.381037892191983030e+00 2.271863155832637204e+00
2.271863155832637204e+00 2.490212628551328855e+00 2.271863155832637204e+00
