3.777373881250640775e+00 4.079768037087813326e+00 3.946671197678887744e+00
3.066452913318056250e+00 3.176895114023210454e+00 3.395188746179065298e+00
4.585193914474743337e+00 4.864409375432817484e+00 5.554332251407620547e+00
3.926896085616902621e+00 4.256988826411015836e+00 3.926896085616902621e+00
3.651659659620561715e+00 3.848554413849890832e+00 4.578037436835912466e+00
3.926896085616902621e+00 4.395180465671367109e+00 4.912309469439728460e+00
3.926896085615858567e+00 4.276154465778479796e+00 4.079385731573477614e+00
3.926896085616398580e+00 4.339065807396086605e+00 4.905819236600094335e+00
4.585193914475632404e+00 4.797276927190695872e+00 5.554332251414063393e+00
3.926896085616369270e+00 4.206808261622183132e+00 4.905819236599939792e+00
3.066452913316195961e+00 3.250195700196893078e+00 3.395188746177763228e+00
3.066452913316238149e+00 3.330280353826843509e+00 3.236709976667194510e+00
4.890615334890404675e+00 5.059060709021905744e+00 5.532928941441300985e+00
3.651659659621296683e+00 3.899081148902318716e+00 4.578037436839872854e+00
4.749796341430511326e+00 4.989392693077745022e+00 4.845393851477111546e+00
3.066452913316208395e+00 3.136083432443247609e+00 3.395188746179611528e+00
3.319624517872701297e+00 3.436983050027591524e+00 3.319624517872701297e+00
3.066452913316208395e+00 3.346450862959147177e+00 3.395188746179611528e+00
3.066452913318056250e+00 3.225157952403849837e+00 4.051618048274722383e+00
3.066452913316196849e+00 3.233758908554034583e+00 3.395188746177741024e+00
3.066452913316196849e+00 3.283003005483338566e+00 3.395188746177741024e+00
3.926896085617927135e+00 4.207341640508901470e+00 3.926896085617927135e+00
3.066452913316238149e+00 3.332261262231616339e+00 3.395188746179618189e+00
3.319624517872708847e+00 3.580676701702977027e+00 3.331935735997531012e+00
4.890615334889016452e+00 4.961623169777015008e+00 5.532928941440554027e+00
3.926896085616902621e+00 4.242848055576113886e+00 3.926896085616902621e+00
3.777373881250747800e+00 4.025308874949920401e+00 3.962237014992042283e+00
3.651659659620528409e+00 3.738234558474891944e+00 4.575181484098526319e+00
4.890615334890587640e+00 5.058479844948916337e+00 5.532928941440205861e+00
3.926896085615858567e+00 4.354802855344233947e+00 3.926896085615858567e+00
