4.102327546987138973e+00 4.230336621848770129e+00 4.312954056496884903e+00
4.102327546985931939e+00 4.272817737674650118e+00 4.331517716500573378e+00
5.390687607788406055e+00 5.493515049169027442e+00 5.404968481547825832e+00
4.102327546988209228e+00 4.233088630759255899e+00 4.355479666360061231e+00
5.146971869594191062e+00 5.183989498060738832e+00 5.146971869594191062e+00
5.390687607786317948e+00 5.454744951711226975e+00 5.390687607786317948e+00
4.102327546985929274e+00 4.240867947323362586e+00 4.355479666360311697e+00
4.102327546987138973e+00 4.234560549691281039e+00 4.355479666361230962e+00
5.390687607786317948e+00 5.472815297436667947e+00 5.404968481549113690e+00
4.102327546987105222e+00 4.267409889898703845e+00 4.355479666361150137e+00
4.102327546987678986e+00 4.233660999833227301e+00 4.331517716499504012e+00
4.102327546987138973e+00 4.282492323997461270e+00 4.331517716499921455e+00
5.390687607786317948e+00 5.412136261111024638e+00 5.791931045876381745e+00
5.146971869598685245e+00 5.187907063224505677e+00 5.146971869598685245e+00
5.390687607788371416e+00 5.473380347656407352e+00 5.392164428292582912e+00
4.102327546987105222e+00 4.253824100929722185e+00 4.331517716499882376e+00
5.146971869598685245e+00 5.187968368016032450e+00 5.185840997258356566e+00
4.102327546987105222e+00 4.235190185054515943e+00 4.331517716499882376e+00
4.102327546985929274e+00 4.230937624067222735e+00 4.331517716500570714e+00
4.102327546985931939e+00 4.261358229198750180e+00 4.331517716498615833e+00
4.102327546987678986e+00 4.266269058692128802e+00 4.331517716499422299e+00
5.390687607785759283e+00 5.491446759130205635e+00 5.390687607785759283e+00
4.102327546988209228e+00 4.208018607115922904e+00 4.331517716500558279e+00
4.102327546987138973e+00 4.273447373038810504e+00 4.120318544110842751e+00
5.390687607788406055e+00 5.493518983420450752e+00 5.791931045876804518e+00
5.390687607786317948e+00 5.433333779125144147e+00 5.390687607786317948e+00
5.390687607788406055e+00 5.534207066032486466e+00 5.390713836130751169e+00
4.102327546985931939e+00 4.265013694911504061e+00 4.102327546985931939e+00
5.390687607788371416e+00 5.532851508264504226e+00 5.791931045876599349e+00
4.102327546985929274e+00 4.273087652167332884e+00 4.355479666360311697e+00
