2.775189885902970222e+00 3.352921960938922474e+00 3.012116754038458133e+00
2.397137854501618204e+00 2.789940317000258130e+00 2.397137854504032273e+00
4.577126245460481968e+00 4.792216120484962261e+00 4.580876987659536326e+00
3.398076415643313197e+00 3.945066392545864886e+00 4.374404090257102418e+00
3.641352334661604573e+00 3.792645456864052189e+00 4.564534121619238327e+00
3.924040262669315382e+00 4.268605062308431286e+00 4.076443405839487610e+00
2.848720042409078168e+00 3.300153239257382687e+00 3.067850065315847363e+00
3.914863157679770556e+00 4.312302746225708638e+00 3.914863157679770556e+00
4.577126245461366594e+00 4.927197108950727156e+00 5.541059940152041285e+00
3.914863157679792316e+00 4.329951648083453009e+00 4.900292564851778110e+00
2.397137854501618204e+00 2.691290257348044612e+00 2.502753973867848369e+00
2.848720042407092645e+00 3.350803650551940738e+00 2.848972010856354764e+00
4.536405241238302466e+00 4.840319219625964564e+00 5.522858139880506556e+00
3.641352334660987733e+00 3.855269161640943132e+00 4.564534121617937146e+00
4.062286035601430534e+00 4.395899233167529729e+00 5.006913700004229639e+00
2.397137854501462773e+00 2.763536287159117144e+00 3.383638451027592531e+00
2.287033835777568136e+00 2.682134963565993679e+00 3.241008850378925832e+00
2.397137854501462773e+00 2.735334481206076696e+00 3.383638451027592531e+00
3.062268751471023176e+00 3.229314866520306193e+00 4.047456394748224717e+00
2.397137854501618204e+00 2.652526839458198449e+00 2.502753973867965165e+00
2.397137854501618204e+00 2.719492063301262696e+00 2.397137854504032273e+00
3.398076415643769721e+00 3.755410222784182572e+00 4.374404090258686928e+00
2.397137854501462773e+00 2.999599824354020949e+00 3.383638451027443317e+00
2.736028382186043384e+00 3.133383837030052188e+00 3.403781737913819772e+00
4.536405241236630914e+00 4.691211555000888822e+00 4.536405241236649566e+00
3.398076415643313197e+00 3.822575024340585603e+00 4.378623555537528134e+00
2.848720042404746078e+00 3.402749989357744198e+00 2.848972010860101545e+00
3.635478258382522032e+00 3.874404206615866819e+00 3.747053082207591590e+00
4.536405241236630914e+00 4.793276034348507686e+00 4.536405241236630914e+00
