5.846216532182294756e+00 5.860221957659946135e+00 5.874227383136845226e+00
5.846216532182294756e+00 5.861622500207617215e+00 5.874227383137393232e+00
5.846216532182294756e+00 5.868625212946285252e+00 5.874227383136840785e+00
5.846216532182294756e+00 5.858821415112185349e+00 5.874227383136927827e+00
5.846216532182294756e+00 5.868625212946272818e+00 5.846216532182770820e+00
5.846216532182294756e+00 5.867224670398440978e+00 5.874227383137637482e+00
5.846216532182294756e+00 5.861622500207519515e+00 5.874227383137245795e+00
5.846216532182294756e+00 5.868625212946265712e+00 5.874227383136845226e+00
5.846216532182294756e+00 5.864423585303051745e+00 5.874227383137637482e+00
5.846216532182294756e+00 5.864423585302924735e+00 5.874227383136840785e+00
5.846216532182294756e+00 5.864423585303089048e+00 5.874227383137637482e+00
5.846216532182294756e+00 5.861622500207572806e+00 5.874227383136845226e+00
5.846216532182294756e+00 5.867224670398442754e+00 5.874227383137637482e+00
5.846216532182294756e+00 5.867224670398479169e+00 5.846216532182294756e+00
5.846216532182294756e+00 5.867224670398462294e+00 5.874227383136845226e+00
5.846216532182294756e+00 5.863023042755276748e+00 5.874227383136840785e+00
5.846216532182294756e+00 5.865824127850689074e+00 5.846216532182294756e+00
5.846216532182294756e+00 5.864423585303077502e+00 5.874227383136840785e+00
5.846216532182294756e+00 5.863023042755266090e+00 5.874227383137245795e+00
5.846216532182294756e+00 5.861622500207699815e+00 5.874227383137393232e+00
5.846216532182294756e+00 5.867224670398433872e+00 5.874227383137637482e+00
5.846216532182294756e+00 5.864423585303051745e+00 5.874227383136927827e+00
5.846216532182294756e+00 5.860221957659967451e+00 5.874227383136927827e+00
5.846216532182294756e+00 5.864423585302968256e+00 5.874227383136845226e+00
5.846216532182294756e+00 5.867224670398591968e+00 5.874227383136840785e+00
5.846216532182294756e+00 5.863023042755311387e+00 5.874227383137637482e+00
5.846216532182294756e+00 5.860221957659873304e+00 5.874227383136840785e+00
5.846216532182294756e+00 5.865824127850773451e+00 5.874227383137393232e+00
5.846216532182294756e+00 5.863023042755363790e+00 5.874227383136845226e+00
5.846216532182294756e+00 5.864423585302994901e+00 5.874227383137245795e+00
5.846216532182294756e+00 5.865824127850790326e+00 5.874227383137245795e+00
