3.874959601108919127e+00 4.262817665108799225e+00 4.044256917541344976e+00
3.128737358463362650e+00 3.319520566985725285e+00 3.457473191338855667e+00
4.714574571116057378e+00 4.984891629516314815e+00 5.683712908059303182e+00
4.022035839296564497e+00 4.256180145943821991e+00 4.022035839296564497e+00
3.802617905009827659e+00 3.954374343329655428e+00 4.728995682232854492e+00
4.022035839296564497e+00 4.444911030961937293e+00 5.007449223124800675e+00
4.022035839294949788e+00 4.479981367744304777e+00 4.174525485256216584e+00
4.022035839294951565e+00 4.405729799000143387e+00 5.000958990285844230e+00
4.714574571116372681e+00 5.123162180524528431e+00 5.683712908059304958e+00
4.022035839294990645e+00 4.210970708796713424e+00 5.000958990285844230e+00
3.128737358463362650e+00 3.231844535390353546e+00 3.457473191338855667e+00
3.128737358463363982e+00 3.353866581804433089e+00 3.298994421822724288e+00
5.012072709452166208e+00 5.310295045421275617e+00 5.654386315987737888e+00
3.802617905009703758e+00 4.007259345798086514e+00 4.728995682232851827e+00
4.900312331457483239e+00 5.142498186643543967e+00 4.995909841499825532e+00
3.128737358463363982e+00 3.328173641317925480e+00 3.457473191338853002e+00
3.437208054568857918e+00 3.652167627041510656e+00 3.437208054568857918e+00
3.128737358463363982e+00 3.475916947855255845e+00 3.457473191338853002e+00
3.128737358463362650e+00 3.279069765552152127e+00 4.113902493430898311e+00
3.128737358463362650e+00 3.255424011470593459e+00 3.457473191338855667e+00
3.128737358463362650e+00 3.271566200967532811e+00 3.457473191338855667e+00
4.022035839295887705e+00 4.399672680938711444e+00 4.022035839295887705e+00
3.128737358463363982e+00 3.295300058030377066e+00 3.457473191338853002e+00
3.437208054568857918e+00 3.630597083982269879e+00 3.449519272696993877e+00
5.012072709452165320e+00 5.212325738203540837e+00 5.654386315987734335e+00
4.022035839296564497e+00 4.409269957061145995e+00 4.022035839296564497e+00
3.874959601108916019e+00 4.197231135861340334e+00 4.059822734857727156e+00
3.802617905009825439e+00 3.994849654894325308e+00 4.726139729498391340e+00
5.012072709452159103e+00 5.163339656874471828e+00 5.654386315987736111e+00
4.022035839294949788e+00 4.445746718148743781e+00 4.022035839294949788e+00
