2.860275241206682306e+00 3.279077472505972146e+00 3.097202109346085752e+00
2.452637529865230093e+00 2.671060873046129380e+00 2.452637529865230093e+00
4.706490919612337009e+00 5.053831978825200189e+00 4.710241661810467662e+00
3.592283394529679263e+00 4.065163025225372095e+00 4.568611069141769399e+00
3.792464173563005581e+00 4.053516077470083800e+00 4.715645960525602476e+00
4.019205395708126183e+00 4.527987396785944085e+00 4.171608538880271944e+00
2.932813172169258298e+00 3.232658395922115346e+00 3.151943195080878279e+00
4.009951680552883424e+00 4.401693930764454699e+00 4.009951680552883424e+00
4.706490919612814849e+00 5.020703968387231875e+00 5.670424614308969602e+00
4.009951680552849673e+00 4.360689015703119509e+00 4.995381087734676484e+00
2.452637529865230093e+00 2.708026514824989572e+00 2.558253649233399152e+00
2.932813172169256521e+00 3.291318655671190641e+00 2.933065140621065048e+00
4.655258697010851598e+00 4.811204740599777097e+00 5.641711595640293453e+00
3.792464173562822616e+00 4.035870362451355220e+00 4.715645960525598923e+00
4.206252748992200807e+00 4.618492290302256720e+00 5.150880413398592594e+00
2.452637529865228760e+00 2.642859067092945491e+00 3.439138126401553475e+00
2.415807682951359503e+00 2.996605194471246403e+00 3.369782697545579353e+00
2.452637529865228760e+00 2.665780067077718751e+00 3.439138126401553475e+00
3.124536595351101731e+00 3.384075341240134094e+00 4.109724238637883609e+00
2.452637529865230093e+00 2.642859067092946823e+00 2.558253649233399152e+00
2.452637529865230093e+00 2.632297455156130006e+00 2.452637529865230093e+00
3.592283394530380036e+00 4.150711414561220280e+00 4.568611069141773839e+00
2.452637529865228760e+00 2.702745708856578499e+00 3.439138126401553475e+00
2.905062809258349255e+00 3.304251297380498276e+00 3.572816164982468123e+00
4.655258697010856928e+00 4.668935454944178609e+00 4.655258697010866697e+00
3.592283394529679263e+00 4.065163025225371207e+00 4.572830534425876614e+00
2.932813172169258298e+00 3.340326301020431821e+00 2.933065140621064160e+00
3.786465637756056157e+00 3.886019022646792109e+00 3.898040461583732963e+00
4.655258697010856928e+00 4.812344470427497356e+00 4.655258697010856928e+00
