4.177473114387191266e+00 4.285617635791235003e+00 4.388099623897165458e+00
4.177473114387147746e+00 4.284448171442275743e+00 4.406663283901643524e+00
5.511821062505786628e+00 5.595376839527220980e+00 5.526101936262922010e+00
4.177473114386132558e+00 4.356396983202194484e+00 4.430625233762069293e+00
5.285535550491296419e+00 5.324527287730818514e+00 5.285535550491296419e+00
5.511821062505401159e+00 5.553329264897175044e+00 5.511821062505401159e+00
4.177473114387195707e+00 4.301197088172937555e+00 4.430625233762069293e+00
4.177473114387191266e+00 4.311861030728977084e+00 4.430625233762068405e+00
5.511821062505401159e+00 5.633995320682846142e+00 5.526101936263785319e+00
4.177473114387150410e+00 4.317510159854635710e+00 4.430625233762068405e+00
4.177473114386136999e+00 4.324788551190241748e+00 4.406663283901643524e+00
4.177473114387191266e+00 4.330498853549961780e+00 4.406663283901642636e+00
5.511821062505401159e+00 5.613789400979486643e+00 5.913064500585279326e+00
5.285535550491296419e+00 5.318666266186474090e+00 5.285535550491296419e+00
5.511821062505837254e+00 5.595081475425971007e+00 5.513297883012394429e+00
4.177473114387150410e+00 4.308835200379566466e+00 4.406663283901643524e+00
5.285535550491296419e+00 5.324588592522928820e+00 5.324404678146562375e+00
4.177473114387150410e+00 4.336176615819586466e+00 4.406663283901643524e+00
4.177473114387195707e+00 4.365560373682802364e+00 4.406663283901644412e+00
4.177473114387147746e+00 4.353413963555628818e+00 4.406663283901644412e+00
4.177473114386136999e+00 4.314512962648811900e+00 4.406663283901644412e+00
5.511821062505401159e+00 5.572461115705978685e+00 5.511821062505401159e+00
4.177473114386132558e+00 4.318769430581139268e+00 4.406663283901642636e+00
4.177473114387191266e+00 4.296390242615673039e+00 4.195464111511783223e+00
5.511821062505786628e+00 5.634710675787885314e+00 5.913064500585274885e+00
5.511821062505401159e+00 5.592376916976141921e+00 5.511821062505401159e+00
5.511821062505786628e+00 5.633924102491801200e+00 5.511847290846753289e+00
4.177473114387147746e+00 4.346765207583052515e+00 4.177473114387147746e+00
5.511821062505837254e+00 5.592742187851856173e+00 5.913064500585274885e+00
4.177473114387195707e+00 4.294922230629779847e+00 4.430625233762069293e+00
