5.949326884412348804e+00 5.971735565175430693e+00 5.977337735366212712e+00
5.949326884412348804e+00 5.968934480080045901e+00 5.977337735366217153e+00
5.949326884412348804e+00 5.968934480080035243e+00 5.977337735366212712e+00
5.949326884412348804e+00 5.966133394984659333e+00 5.977337735366166527e+00
5.949326884412348804e+00 5.966133394984660221e+00 5.949326884412348804e+00
5.949326884412348804e+00 5.971735565175427141e+00 5.977337735366171856e+00
5.949326884412348804e+00 5.967533937532356170e+00 5.977337735366217153e+00
5.949326884412348804e+00 5.966133394984655780e+00 5.977337735366212712e+00
5.949326884412348804e+00 5.970335022627738297e+00 5.977337735366171856e+00
5.949326884412348804e+00 5.970335022627736521e+00 5.977337735366212712e+00
5.949326884412348804e+00 5.970335022627736521e+00 5.977337735366171856e+00
5.949326884412348804e+00 5.970335022627741850e+00 5.977337735366212712e+00
5.949326884412348804e+00 5.970335022627740074e+00 5.977337735366171856e+00
5.949326884412348804e+00 5.971735565175427141e+00 5.949326884412348804e+00
5.949326884412348804e+00 5.970335022627736521e+00 5.977337735366212712e+00
5.949326884412348804e+00 5.961931767341572375e+00 5.977337735366212712e+00
5.949326884412348804e+00 5.968934480080037908e+00 5.949326884412348804e+00
5.949326884412348804e+00 5.967533937532351729e+00 5.977337735366212712e+00
5.949326884412348804e+00 5.973136107723126642e+00 5.977337735366217153e+00
5.949326884412348804e+00 5.970335022627730304e+00 5.977337735366217153e+00
5.949326884412348804e+00 5.966133394984655780e+00 5.977337735366171856e+00
5.949326884412348804e+00 5.971735565175432470e+00 5.977337735366166527e+00
5.949326884412348804e+00 5.966133394984657556e+00 5.977337735366166527e+00
5.949326884412348804e+00 5.967533937532349952e+00 5.977337735366212712e+00
5.949326884412348804e+00 5.963332309889272764e+00 5.977337735366212712e+00
5.949326884412348804e+00 5.964732852436965160e+00 5.977337735366171856e+00
5.949326884412348804e+00 5.968934480080038796e+00 5.977337735366212712e+00
5.949326884412348804e+00 5.971735565175431582e+00 5.977337735366217153e+00
5.949326884412348804e+00 5.968934480080042349e+00 5.977337735366212712e+00
5.949326884412348804e+00 5.970335022627741850e+00 5.977337735366217153e+00
5.949326884412348804e+00 5.966133394984661997e+00 5.977337735366217153e+00
