1.331442069318762966e+00 1.540437439489923843e+00 1.353567504498952578e+00
1.331442069318762966e+00 1.558469770386599507e+00 1.842650360971313406e+00
1.986036038748774324e+00 2.044857127279914977e+00 2.010863380124616739e+00
1.331442069318762966e+00 1.705116418329091887e+00 1.331442069318762966e+00
2.570394158482360414e+00 2.685690159750322881e+00 2.570394158482360414e+00
1.986036038748774324e+00 2.038755714661381724e+00 1.995395771316917921e+00
1.331442069318763188e+00 1.605377738975346080e+00 1.331442069318763188e+00
1.331442069318762966e+00 1.559788268605137862e+00 1.331442069318762966e+00
1.986036038748774324e+00 2.036024659135004189e+00 2.010863380124616739e+00
1.331442069318762966e+00 1.624806777089774501e+00 1.331442069318762966e+00
1.331442069318763188e+00 1.593268150254924631e+00 1.842650360971312962e+00
1.331442069318762966e+00 1.619012887066531459e+00 1.842650360971313184e+00
1.986036038748774324e+00 2.042193231128428543e+00 2.084007014257824864e+00
2.570394158482360858e+00 2.752100624685290153e+00 2.570394158482360858e+00
1.986036038748774324e+00 2.058559967801448565e+00 2.088973442033691619e+00
1.331442069318762966e+00 1.565601305384042075e+00 1.842650360971313184e+00
2.570394158482360858e+00 2.768149853498094615e+00 2.730886446610399254e+00
1.331442069318762966e+00 1.541437598019169020e+00 1.842650360971313184e+00
1.331442069318763188e+00 1.606299688505375300e+00 1.842650360971313406e+00
1.331442069318762966e+00 1.581739432451992666e+00 1.842650360971312962e+00
1.331442069318763188e+00 1.626540970752484272e+00 1.842650360971312962e+00
1.986036038748774324e+00 2.037046360964182679e+00 1.995395771316917921e+00
1.331442069318762966e+00 1.558469770386599285e+00 1.842650360971313406e+00
1.331442069318762966e+00 1.631440815476247197e+00 1.632079175497571644e+00
1.986036038748774324e+00 2.030658123731144737e+00 2.084007014257824864e+00
1.986036038748774324e+00 2.041171529299250054e+00 1.995395771316917921e+00
1.986036038748774324e+00 2.048237571323777040e+00 1.986036038748774324e+00
1.331442069318762966e+00 1.553150638051081112e+00 1.612076004912675886e+00
1.986036038748774324e+00 2.043644416360303584e+00 2.084007014257825308e+00
1.331442069318763188e+00 1.619225113526061577e+00 1.331442069318763188e+00
