9.511383466442039358e-01 1.043289289622332250e+00 1.096188017782091295e+00
1.102003203845297374e+00 1.393757011160092762e+00 1.743010884681003958e+00
1.897914388374994488e+00 2.327135537036738810e+00 2.747079254600897524e+00
1.042113131119194680e+00 1.148238629181113968e+00 1.042113131119194680e+00
1.618367382552273526e+00 1.919982551841091567e+00 2.322991518844645942e+00
1.042113131119194680e+00 1.155417160228110252e+00 1.318626868291421284e+00
1.042113131119194680e+00 1.166475516198534290e+00 1.195613801245697383e+00
1.042113131119194902e+00 1.179514550052619626e+00 1.316309478538227218e+00
1.897914388374994044e+00 2.384967927344138428e+00 2.747079254600897524e+00
1.042113131119195124e+00 1.131475844620967619e+00 1.316309478538227218e+00
1.102003203845297374e+00 1.423686572748006585e+00 1.743010884681003958e+00
1.102003203845296930e+00 1.396283046795601335e+00 1.102003203845296930e+00
1.765645478335933660e+00 1.839823006391419824e+00 1.955728412093179269e+00
1.618367382552273082e+00 1.958796260880976359e+00 2.322991518844647274e+00
2.192871970470666732e+00 2.487669651294166506e+00 2.538126830206546281e+00
1.102003203845296930e+00 1.480812247348875843e+00 1.743010884681003514e+00
1.573600652769133079e+00 1.741235439082268188e+00 1.871082146599265972e+00
1.102003203845296930e+00 1.488635257556528479e+00 1.743010884681003514e+00
1.102003203845297374e+00 1.457158674022738465e+00 1.899471088834052690e+00
1.102003203845297374e+00 1.493763644802314161e+00 1.743010884681003958e+00
1.102003203845297374e+00 1.370510879515761449e+00 1.743010884681003958e+00
1.042113131119194680e+00 1.140046220398461596e+00 1.042113131119194680e+00
1.102003203845296930e+00 1.388052594906143300e+00 1.743010884681003514e+00
1.573600652769133079e+00 1.823021681757660106e+00 1.612429331593904225e+00
1.765645478335934548e+00 1.853093982138072082e+00 1.955728412093179713e+00
1.042113131119194680e+00 1.157307764540031814e+00 1.042113131119194680e+00
9.511383466442039358e-01 1.053022568322076413e+00 1.117146228433680388e+00
1.618367382552273526e+00 1.858207356316731396e+00 2.315776523875037629e+00
1.765645478335934104e+00 1.822389312541959683e+00 1.955728412093179269e+00
1.042113131119194680e+00 1.145090665321257806e+00 1.042113131119194680e+00
