7.135929107807551519e-01 8.962411915791179684e-01 9.198881540903225407e-01
1.018832025945488606e+00 1.371806548005822801e+00 1.383127106500630532e+00
1.891168733251533451e+00 2.397693565573725483e+00 1.891168733251533451e+00
1.544477447038341111e+00 1.695044773848852770e+00 1.912759050249178250e+00
1.616794251060094778e+00 1.913365534593085560e+00 2.314230367709678049e+00
1.038947051838306379e+00 1.154592013260993699e+00 1.192364228999425846e+00
7.774768196902021034e-01 9.160360241671419157e-01 9.699170975611715040e-01
1.034748367668688607e+00 1.169183411560353658e+00 1.034748367668688607e+00
1.891168733251533673e+00 2.359471057762299040e+00 2.742893596760008101e+00
1.034748367668688607e+00 1.160133681051854992e+00 1.311679096822359947e+00
1.018832025945488606e+00 1.215420800752547326e+00 1.018832025945488606e+00
7.774768196902023254e-01 9.698800561937807041e-01 7.982344637341055593e-01
1.549259484870102455e+00 1.637008803407313140e+00 1.936928575861965873e+00
1.616794251060094778e+00 1.930777948452702120e+00 2.314230367709678049e+00
2.177130607636232451e+00 2.588015195353924547e+00 2.895560165490403737e+00
1.018832025945488606e+00 1.455659700879864182e+00 1.891834532350650022e+00
1.375177015755241650e+00 1.746154955690245147e+00 2.249821345921591220e+00
1.018832025945488606e+00 1.513751060729610076e+00 1.891834532350650022e+00
1.101384421202972641e+00 1.516659548763220400e+00 1.899218068284661332e+00
1.018832025945488606e+00 1.368359450239348130e+00 1.018832025945488606e+00
1.018832025945488606e+00 1.320935805420820675e+00 1.383127106500630532e+00
1.544477447038340889e+00 1.692549985015187719e+00 1.912759050249178250e+00
1.018832025945488606e+00 1.364585930741078812e+00 1.891834532350650022e+00
1.313242040837603541e+00 1.580225075094795262e+00 1.512596484167230804e+00
1.549259484870102455e+00 1.658662369143314663e+00 1.549259484870102455e+00
1.544477447038341111e+00 1.694441420587700975e+00 1.915379618286451979e+00
7.774768196902017703e-01 9.418493158017182676e-01 7.982344637341053373e-01
1.605988375486325781e+00 1.898908083643860323e+00 1.667825774253489657e+00
1.549259484870102455e+00 1.622165571230536729e+00 1.549259484870102455e+00
