2.271863155832637204e+00 2.370120418556047603e+00 2.271863155832637204e+00
2.271863155832637204e+00 2.348285471284178971e+00 2.271863155832637204e+00
2.271863155832637204e+00 2.370120418556048048e+00 2.271863155832637204e+00
2.271863155832637204e+00 2.348285471284178527e+00 2.271863155832637204e+00
2.271863155832637204e+00 2.337367997648244433e+00 2.490212628551328855e+00
2.271863155832637204e+00 2.391955365827917124e+00 2.271863155832637204e+00
2.271863155832637204e+00 2.337367997648243989e+00 2.271863155832637204e+00
2.271863155832637204e+00 2.326450524012309451e+00 2.271863155832637204e+00
2.271863155832637204e+00 2.337367997648244877e+00 2.271863155832637204e+00
2.271863155832637204e+00 2.337367997648244433e+00 2.271863155832637204e+00
2.271863155832637204e+00 2.370120418556047603e+00 2.271863155832637204e+00
2.271863155832637204e+00 2.304615576740440819e+00 2.271863155832637204e+00
2.271863155832637204e+00 2.381037892191982586e+00 2.271863155832637204e+00
2.271863155832637204e+00 2.337367997648244433e+00 2.490212628551328855e+00
2.271863155832637204e+00 2.348285471284178971e+00 2.271863155832637204e+00
2.271863155832637204e+00 2.337367997648244877e+00 2.271863155832637204e+00
2.271863155832637204e+00 2.381037892191982586e+00 2.490212628551328855e+00
2.271863155832637204e+00 2.370120418556048048e+00 2.271863155832637204e+00
2.271863155832637204e+00 2.391955365827917124e+00 2.271863155832637204e+00
2.271863155832637204e+00 2.348285471284178527e+00 2.271863155832637204e+00
2.271863155832637204e+00 2.359202944920113509e+00 2.271863155832637204e+00
2.271863155832637204e+00 2.326450524012309451e+00 2.271863155832637204e+00
2.271863155832637204e+00 2.315533050376374913e+00 2.271863155832637204e+00
2.271863155832637204e+00 2.326450524012309451e+00 2.271863155832637204e+00
2.271863155832637204e+00 2.348285471284179415e+00 2.271863155832637204e+00
2.271863155832637204e+00 2.348285471284179415e+00 2.271863155832637204e+00
2.271863155832637204e+00 2.359202944920113509e+00 2.271863155832637204e+00
2.271863155832637204e+00 2.304615576740439931e+00 2.271863155832637204e+00
2.271863155832637204e+00 2.359202944920113509e+00 2.271863155832637204e+00
2.271863155832637204e+00 2.315533050376374913e+00 2.271863155832637204e+00
2.271863155832637204e+00 2.348285471284178083e+00 2.271863155832637204e+00
