-3.624998256415365994e-01
-3.581551117828017938e-01
-4.651975073337341060e-01
-3.906505430765169207e-01
-2.865460314170414358e-01
-2.860390609063385714e-01
-3.756490379956404224e-01
-3.906594270593615748e-01
-2.522662914566154990e-01
-3.214267447709436287e-01
-4.492288819215870532e-01
-4.587975854791109809e-01
-2.826058092340116845e-01
-2.865460314170413803e-01
-3.372918638461921415e-01
-2.309782553202965605e-01
-3.604475393658321258e-01
-2.309782553202965605e-01
-1.918743259481130448e-01
-4.492288819215871642e-01
-3.581551117828016828e-01
-3.251106921649034587e-01
-2.309782553202965605e-01
-4.829477201949151088e-01
-3.795230819819777057e-01
-3.244555501555849153e-01
-3.469799795584960211e-01
-4.131960852115673100e-01
-3.795230819819776502e-01
-5.824227161546084997e-01
-5.191555298954373399e-01
