-5.824227161546089437e-01
-5.824227161546084997e-01
-5.824227161546089437e-01
-5.824227161546084997e-01
-3.640732434359170711e-01
-5.824227161546089437e-01
-5.824227161546089437e-01
-5.824227161546087217e-01
-5.824227161546089437e-01
-5.824227161546087217e-01
-5.824227161546089437e-01
-5.824227161546087217e-01
-5.824227161546084997e-01
-5.824227161546084997e-01
-5.824227161546087217e-01
-5.824227161546087217e-01
-5.824227161546084997e-01
-5.824227161546089437e-01
-5.824227161546087217e-01
-5.824227161546084997e-01
-5.824227161546087217e-01
-5.824227161546089437e-01
-5.824227161546089437e-01
-5.824227161546087217e-01
-5.824227161546087217e-01
-5.824227161546087217e-01
-5.824227161546087217e-01
-5.824227161546087217e-01
-5.824227161546087217e-01
-5.824227161546087217e-01
-5.824227161546087217e-01
-5.824227161546087217e-01
-5.824227161546089437e-01
-5.824227161546087217e-01
-5.824227161546089437e-01
-5.824227161546089437e-01
-5.824227161546087217e-01
-5.824227161546087217e-01
-5.824227161546087217e-01
-5.824227161546087217e-01
-5.824227161546087217e-01
-3.640732434359169600e-01
-5.824227161546087217e-01
-5.824227161546089437e-01
-5.824227161546089437e-01
-5.824227161546087217e-01
-5.824227161546090548e-01
-5.824227161546087217e-01
-5.824227161546087217e-01
-5.824227161546084997e-01
-5.824227161546087217e-01
-5.824227161546087217e-01
-5.824227161546087217e-01
-5.824227161546087217e-01
-5.824227161546087217e-01
-5.824227161546087217e-01
-5.824227161546084997e-01
-5.824227161546087217e-01
-5.824227161546089437e-01
-5.824227161546087217e-01
-5.824227161546087217e-01
-5.824227161546087217e-01
-5.824227161546087217e-01
-5.824227161546089437e-01
-5.824227161546089437e-01
-5.824227161546089437e-01
-5.824227161546089437e-01
-5.824227161546087217e-01
-5.824227161546087217e-01
-5.824227161546089437e-01
-3.640732434359169600e-01
-5.824227161546087217e-01
-5.824227161546090548e-01
-5.824227161546089437e-01
-5.824227161546084997e-01
-5.824227161546087217e-01
-5.824227161546087217e-01
-5.824227161546089437e-01
-5.824227161546087217e-01
-5.824227161546087217e-01
-5.824227161546089437e-01
-5.824227161546089437e-01
-5.824227161546087217e-01
-5.824227161546089437e-01
-3.640732434359169600e-01
-5.824227161546087217e-01
-5.824227161546087217e-01
-5.824227161546089437e-01
-5.824227161546087217e-01
-5.824227161546087217e-01
-5.824227161546087217e-01
-5.824227161546090548e-01
-5.824227161546087217e-01
-5.824227161546084997e-01
-5.824227161546089437e-01
-5.824227161546087217e-01
-5.824227161546089437e-01
-5.824227161546087217e-01
