-3.806021719711183970e-01
-4.679886398532699388e-01
-3.831547725962108353e-01
-3.079565982769728039e-01
-4.229185579386815497e-01
-4.360735181835071472e-01
-3.767926162711631721e-01
-4.360735181835072027e-01
-3.795217542119180276e-01
-3.806021719711185081e-01
-4.401535941902448013e-01
-3.725356839947219778e-01
-3.079565982769728039e-01
-3.795217542119180276e-01
-3.079565982769728039e-01
-3.079565982769728039e-01
-3.725356839947218113e-01
-3.079565982769728594e-01
-3.079565982769728039e-01
-3.795217542119179721e-01
-3.079565982769728039e-01
-3.079565982769728594e-01
-3.079565982769728594e-01
-3.079565982769728039e-01
-3.079565982769728039e-01
-3.079565982769728039e-01
-3.079565982769728039e-01
-3.079565982769728039e-01
-3.079565982769728039e-01
-3.079565982769728039e-01
-3.079565982769728039e-01
-3.079565982769728039e-01
-3.079565982769728594e-01
-3.806021719711185081e-01
-4.401535941902448568e-01
-3.767926162711631721e-01
-5.128584727328957538e-01
-3.795217542119179721e-01
-3.795217542119180276e-01
-3.767926162711632276e-01
-4.360735181835072027e-01
-3.790853312548560505e-01
-3.767926162711632276e-01
-3.806021719711183970e-01
-3.725356839947218668e-01
-4.679886398532697167e-01
-4.360735181835070917e-01
-2.558031968926231525e-01
-3.079565982769728039e-01
-3.795217542119179721e-01
-3.079565982769728039e-01
-3.079565982769728039e-01
-3.079565982769728039e-01
-3.079565982769728039e-01
-3.079565982769728039e-01
-3.725356839947219778e-01
-4.564131661779581850e-01
-3.079565982769728039e-01
-3.079565982769728594e-01
-4.494270959607620797e-01
-5.176903772977750062e-01
-3.079565982769728039e-01
-3.079565982769728039e-01
-3.079565982769728594e-01
-3.079565982769728594e-01
-3.795217542119180276e-01
-3.767926162711631721e-01
-3.806021719711185081e-01
-3.806021719711185081e-01
-3.767926162711631721e-01
-4.768540733956558308e-01
-4.401535941902448568e-01
-5.216258252222086833e-01
-4.360735181835071472e-01
-4.564131661779582405e-01
-3.795217542119179721e-01
-3.079565982769728039e-01
-4.401535941902448568e-01
-3.795217542119180276e-01
-3.795217542119180276e-01
-3.795217542119180276e-01
-3.795217542119180276e-01
-3.806021719711185081e-01
-3.767926162711631721e-01
-5.061028359907925323e-01
-3.806021719711185081e-01
-3.806021719711185081e-01
-4.360735181835071472e-01
-3.079565982769728039e-01
-3.079565982769728039e-01
-3.079565982769728039e-01
-3.725356839947216447e-01
-3.079565982769728039e-01
-3.725356839947218113e-01
-3.079565982769728594e-01
-3.079565982769728039e-01
-3.079565982769728594e-01
-3.079565982769728039e-01
