-2.416775303170532740e-01
-3.843832608268435980e-01
-3.507298575800631979e-01
-2.890548302397711322e-01
-1.910326657981156195e-01
-2.358788238356532008e-01
-2.504436718864557765e-01
-3.008903996277247361e-01
-1.681788953274555576e-01
-2.514343869200037496e-01
-3.002091735559721530e-01
-3.381350156941394514e-01
-2.492368535496413129e-01
-3.089310382481166850e-01
-2.720328255853100008e-01
-3.844331397601458700e-01
-2.924161242209477041e-01
-1.539998777595348589e-01
-3.024840525692990556e-01
-2.994968997131614019e-01
-2.393057532481511485e-01
-2.168015370880007897e-01
-1.539926955145918819e-01
-3.542351055046755737e-01
-4.018651197332823166e-01
-2.172185519419969069e-01
-2.313938960103250897e-01
-3.262775628335600753e-01
-3.522871670641188335e-01
-5.824227161546084997e-01
-5.191555298954373399e-01
