-6.281955906819560731e-01
-3.836541624457763255e-01
-5.004448020449746570e-01
-6.392583082720508791e-01
-5.673393222539431235e-01
-5.081786064488237331e-01
-6.392583082720509902e-01
-6.392583082720509902e-01
-5.004448020449744350e-01
-6.392583082720508791e-01
-3.836541624457759925e-01
-3.836541624457759925e-01
-4.638729849783703174e-01
-5.673393222539430125e-01
-4.613897710904373284e-01
-3.836541624457758815e-01
-4.870931781899238144e-01
-3.836541624457758815e-01
-3.836541624457760480e-01
-3.836541624457763255e-01
-3.836541624457760480e-01
-5.081786064488238441e-01
-3.836541624457758815e-01
-4.889397551826464294e-01
-4.638729849783705950e-01
-5.081786064488237331e-01
-5.128584727328957538e-01
-4.989413404750949743e-01
-4.638729849783707060e-01
-5.824227161546084997e-01
-6.392583082720509902e-01
