-3.101091870840269049e-01
-3.756490379956404779e-01
-3.147221572878112217e-01
-4.492288819215870532e-01
-3.590844945448731784e-01
-3.491232098987975263e-01
-3.738478040159564086e-01
-3.544112164782835528e-01
-3.048312666670064397e-01
-3.101091870840269049e-01
-3.510570485513999084e-01
-3.040593211017295072e-01
-4.492288819215870532e-01
-3.048312666670064397e-01
-2.309782553202966160e-01
-4.492288819215870532e-01
-3.040593211017294517e-01
-2.309782553202966715e-01
-2.309782553202965605e-01
-3.048312666670063287e-01
-2.309782553202965605e-01
-2.309782553202966160e-01
-3.581551117828016828e-01
-4.492288819215870532e-01
-2.309782553202965605e-01
-2.309782553202965605e-01
-4.492288819215870532e-01
-2.309782553202965605e-01
-4.492288819215870532e-01
-4.492288819215870532e-01
-2.309782553202966160e-01
-4.492288819215870532e-01
-4.492288819215870532e-01
-3.101091870840269049e-01
-3.510570485513999084e-01
-3.738478040159564086e-01
-5.128584727328957538e-01
-3.048312666670064397e-01
-3.048312666670064397e-01
-2.826058092340116845e-01
-3.544112164782834973e-01
-3.218409812319639185e-01
-3.738478040159564642e-01
-3.101091870840269049e-01
-3.040593211017295072e-01
-3.756490379956403669e-01
-3.491232098987974153e-01
-2.558031968926231525e-01
-4.492288819215870532e-01
-3.048312666670063287e-01
-2.309782553202965605e-01
-4.492288819215870532e-01
-4.492288819215870532e-01
-2.309782553202965605e-01
-4.492288819215870532e-01
-2.892552965790193831e-01
-3.624998256415365994e-01
-3.079565982769728039e-01
-4.492288819215870532e-01
-3.617278800762596114e-01
-4.084577339813991737e-01
-3.581551117828016828e-01
-3.581551117828016828e-01
-3.581551117828016828e-01
-4.492288819215870532e-01
-3.048312666670064397e-01
-3.795230819819775947e-01
-2.854659982986889055e-01
-3.101091870840269049e-01
-3.738478040159564086e-01
-4.369710838651551521e-01
-3.510570485513999639e-01
-4.158769270223445780e-01
-3.491232098987974153e-01
-3.520158510984846001e-01
-3.048312666670064397e-01
-4.492288819215870532e-01
-3.510570485513999084e-01
-2.846617763190648076e-01
-3.048312666670064397e-01
-3.048312666670064397e-01
-3.048312666670064397e-01
-3.101091870840269049e-01
-3.738478040159564086e-01
-4.312195637172718254e-01
-3.101091870840269049e-01
-3.101091870840269049e-01
-3.491232098987975263e-01
-4.492288819215870532e-01
-4.492288819215870532e-01
-2.309782553202965605e-01
-3.040593211017293407e-01
-2.309782553202966160e-01
-3.040593211017294517e-01
-4.492288819215870532e-01
-2.309782553202965605e-01
-4.492288819215870532e-01
-4.492288819215870532e-01
