-4.564131661779582405e-01
-3.079565982769730259e-01
-3.353043965904598522e-01
-5.191555298954371178e-01
-3.789414643912141778e-01
-3.395978162892103747e-01
-4.679886398532698277e-01
-4.277567474224265864e-01
-3.353043965904601298e-01
-4.277567474224264754e-01
-3.079565982769728594e-01
-5.216258252222084613e-01
-3.767926162711632276e-01
-3.789414643912141223e-01
-4.484569398052555833e-01
-3.079565982769728039e-01
-4.768540733956559419e-01
-3.079565982769728039e-01
-2.558031968926231525e-01
-3.079565982769730259e-01
-3.079565982769728039e-01
-4.317690620132859647e-01
-3.079565982769728039e-01
-5.643027297259249897e-01
-3.767926162711632276e-01
-4.317690620132856871e-01
-3.725356839947218668e-01
-3.357478081951846272e-01
-3.767926162711631721e-01
-5.824227161546084997e-01
-5.191555298954373399e-01
