-2.900081619346190354e-01
-4.612443607328350348e-01
-3.721585157012502476e-01
-3.130225483822449695e-01
-2.292372208499746100e-01
-2.830300994308050377e-01
-3.005275318179020938e-01
-3.125285622698658061e-01
-2.018140887330276967e-01
-2.820192369517742770e-01
-3.593914069586593985e-01
-4.057467111176520369e-01
-2.990836622933655820e-01
-3.707172452494642556e-01
-2.699014369974310212e-01
-2.865466301342267097e-01
-3.508969562972760192e-01
-1.847912346040339326e-01
-3.107073298933288874e-01
-3.593879889775515313e-01
-2.865372963420642072e-01
-2.601608238255607164e-01
-1.847912346040338771e-01
-4.250668188902954059e-01
-4.822366802873629399e-01
-2.605904516875764410e-01
-2.776000961282447110e-01
-3.669866226065185422e-01
-4.227421106031234999e-01
-5.824227161546084997e-01
-5.191555298954373399e-01
