-5.081786064488238441e-01
-6.392583082720509902e-01
-5.081786064488238441e-01
-3.836541624457760480e-01
-4.870931781899239255e-01
-4.638729849783707060e-01
-4.638729849783707060e-01
-4.638729849783708170e-01
-5.128584727328957538e-01
-5.081786064488238441e-01
-4.638729849783707060e-01
-5.128584727328957538e-01
-3.836541624457760480e-01
-5.128584727328956427e-01
-3.836541624457758815e-01
-3.836541624457758815e-01
-5.128584727328956427e-01
-3.836541624457759925e-01
-3.836541624457758815e-01
-5.128584727328956427e-01
-3.836541624457758815e-01
-3.836541624457759925e-01
-3.836541624457759925e-01
-3.836541624457758815e-01
-3.836541624457758815e-01
-3.836541624457758815e-01
-3.836541624457758815e-01
-3.836541624457758815e-01
-3.836541624457758815e-01
-3.836541624457758815e-01
-3.836541624457758815e-01
-3.836541624457758815e-01
-3.836541624457759925e-01
-5.081786064488238441e-01
-4.638729849783707060e-01
-4.638729849783707060e-01
-5.128584727328957538e-01
-5.128584727328957538e-01
-5.128584727328957538e-01
-4.638729849783705950e-01
-4.638729849783705950e-01
-5.673393222539431235e-01
-4.638729849783708170e-01
-5.081786064488238441e-01
-5.128584727328957538e-01
-6.392583082720508791e-01
-4.638729849783701509e-01
-3.836541624457758815e-01
-3.836541624457758815e-01
-5.128584727328956427e-01
-3.836541624457758815e-01
-3.836541624457758815e-01
-3.836541624457758815e-01
-3.836541624457758815e-01
-3.836541624457758815e-01
-5.128584727328957538e-01
-6.281955906819560731e-01
-3.836541624457758815e-01
-3.836541624457759925e-01
-6.281955906819559621e-01
-3.836541624457758815e-01
-3.836541624457758815e-01
-3.836541624457758815e-01
-3.836541624457759925e-01
-3.836541624457759925e-01
-5.128584727328957538e-01
-4.638729849783707060e-01
-5.081786064488238441e-01
-5.081786064488238441e-01
-4.638729849783707060e-01
-4.870931781899238699e-01
-4.638729849783705950e-01
-3.836541624457763255e-01
-4.638729849783707060e-01
-6.281955906819560731e-01
-5.128584727328957538e-01
-3.836541624457758815e-01
-4.638729849783707060e-01
-5.128584727328957538e-01
-5.128584727328957538e-01
-5.128584727328957538e-01
-5.128584727328957538e-01
-5.081786064488238441e-01
-4.638729849783707060e-01
-4.870931781899238699e-01
-5.081786064488238441e-01
-5.081786064488238441e-01
-4.638729849783707060e-01
-3.836541624457758815e-01
-3.836541624457758815e-01
-3.836541624457758815e-01
-5.128584727328955317e-01
-3.836541624457758815e-01
-5.128584727328956427e-01
-3.836541624457759925e-01
-3.836541624457758815e-01
-3.836541624457759925e-01
-3.836541624457758815e-01
