7.774768196902021034e-01 9.213480508062168450e-01 9.699170975611715040e-01
7.774768196902017703e-01 7.973095722603886770e-01 9.699170975611717260e-01
8.944182611132672767e-01 1.150255571016709499e+00 1.044012665402176410e+00
1.018832025945488606e+00 1.200979566223059347e+00 1.018832025945488828e+00
1.138012175164415662e+00 1.341344661599183308e+00 1.820712817527727623e+00
8.944182611132667216e-01 1.057680116303441498e+00 1.065164691720120738e+00
1.549259484870102455e+00 1.743094030366034053e+00 1.571960596734187421e+00
8.944182611132667216e-01 1.028658883921289124e+00 1.044012665402176410e+00
7.135929107807557070e-01 9.618240522625305378e-01 9.198881540903223186e-01
7.774768196902021034e-01 8.836133349107800905e-01 9.699170975611715040e-01
8.169983281058735836e-01 1.059970203483392881e+00 9.762164030114817148e-01
7.774768196902021034e-01 1.066834585692006954e+00 9.699170975611715040e-01
1.018832025945488606e+00 1.637480819425640277e+00 1.018832025945488606e+00
7.135929107807551519e-01 8.296844564068854844e-01 9.198881540903225407e-01
1.018832025945488606e+00 1.455333279148069314e+00 1.891834532350650022e+00
1.018832025945488606e+00 1.200979566223059347e+00 1.018832025945488606e+00
7.774768196902023254e-01 9.132213839562006719e-01 9.699170975611717260e-01
1.018832025945488606e+00 1.637480819425640055e+00 1.891834532350650022e+00
1.018832025945488606e+00 1.018832025945488606e+00 1.891834532350650022e+00
7.135929107807551519e-01 8.377084815216429003e-01 9.198881540903225407e-01
1.018832025945488606e+00 1.637480819425640277e+00 1.891834532350650022e+00
1.018832025945488606e+00 1.018832025945488606e+00 1.891834532350650022e+00
1.018832025945488606e+00 1.637480819425640277e+00 1.383127106500630532e+00
1.018832025945488606e+00 1.891834532350650022e+00 1.018832025945488606e+00
1.018832025945488606e+00 1.637480819425640055e+00 1.891834532350650022e+00
1.018832025945488606e+00 1.455333279148069314e+00 1.891834532350650022e+00
1.018832025945488606e+00 1.455333279148069314e+00 1.018832025945488606e+00
1.018832025945488606e+00 1.200979566223059347e+00 1.891834532350650022e+00
1.018832025945488606e+00 1.637480819425640277e+00 1.018832025945488606e+00
1.018832025945488606e+00 1.200979566223059569e+00 1.018832025945488606e+00
1.018832025945488606e+00 1.018832025945488606e+00 1.891834532350650022e+00
1.018832025945488606e+00 1.455333279148069314e+00 1.018832025945488606e+00
1.018832025945488606e+00 1.455333279148069314e+00 1.018832025945488606e+00
7.774768196902021034e-01 1.048811524177268417e+00 9.699170975611715040e-01
8.169983281058735836e-01 9.198190931727876496e-01 9.762164030114817148e-01
1.549259484870102455e+00 1.754444586298076647e+00 1.571960596734186977e+00
7.135929107807557070e-01 8.506524054929893719e-01 9.198881540903222076e-01
7.135929107807557070e-01 9.795504355207071967e-01 9.198881540903222076e-01
1.549259484870102455e+00 1.754444586298076203e+00 1.936928575861965651e+00
8.944182611132667216e-01 1.057680116303441498e+00 1.044012665402176410e+00
1.892657375937391251e+00 2.600163517042207495e+00 2.600163517042207051e+00
1.549259484870102455e+00 1.571960596734187421e+00 1.571960596734187421e+00
7.774768196902021034e-01 9.136838296930589465e-01 9.699170975611715040e-01
7.774768196902021034e-01 8.840757806476384761e-01 9.699170975611715040e-01
7.774768196902023254e-01 9.328997124814564224e-01 9.699170975611717260e-01
8.944182611132664995e-01 8.944182611132664995e-01 1.065164691720120738e+00
1.018832025945488606e+00 1.383127106500630310e+00 1.018832025945488606e+00
7.135929107807551519e-01 8.296844564068853733e-01 9.198881540903225407e-01
1.018832025945488606e+00 1.637480819425640055e+00 1.891834532350650022e+00
1.018832025945488606e+00 1.637480819425640055e+00 1.018832025945488606e+00
1.018832025945488606e+00 1.455333279148069314e+00 1.018832025945488606e+00
1.018832025945488606e+00 1.383127106500630088e+00 1.891834532350650022e+00
1.018832025945488606e+00 1.637480819425640277e+00 1.018832025945488606e+00
7.774768196902021034e-01 7.982344637341053373e-01 1.029133195652012667e+00
7.135929107807557070e-01 9.972768187788837446e-01 9.198881540903222076e-01
1.018832025945488606e+00 1.018832025945488606e+00 1.018832025945488606e+00
7.774768196902023254e-01 9.033050076711075516e-01 9.699170975611717260e-01
7.135929107807551519e-01 9.618240522625305378e-01 9.198881540903225407e-01
1.018832025945488606e+00 1.200979566223059347e+00 1.383127106500630088e+00
1.018832025945488606e+00 1.455333279148069314e+00 1.383127106500630532e+00
1.018832025945488606e+00 1.018832025945488606e+00 1.383127106500630088e+00
1.018832025945488606e+00 1.455333279148069314e+00 1.018832025945488606e+00
7.135929107807557070e-01 9.602271347862054718e-01 9.198881540903223186e-01
1.549259484870102455e+00 1.754444586298076647e+00 1.549259484870102455e+00
7.774768196902017703e-01 9.136838296930589465e-01 1.068489852702524168e+00
7.774768196902021034e-01 8.908693022632960812e-01 9.699170975611715040e-01
1.549259484870102455e+00 1.549259484870102455e+00 1.571960596734187421e+00
1.375177015755241428e+00 1.702611200703651573e+00 1.943727167924299337e+00
8.169983281058735836e-01 9.184527562201272310e-01 9.762164030114819369e-01
7.774768196902017703e-01 1.068489852702524168e+00 9.699170975611717260e-01
8.944182611132672767e-01 1.034821279539249073e+00 1.065164691720120738e+00
7.135929107807557070e-01 8.683787887511660308e-01 9.618240522625305378e-01
7.135929107807557070e-01 9.972768187788837446e-01 9.198881540903222076e-01
1.018832025945488606e+00 1.637480819425640055e+00 1.018832025945488606e+00
8.169983281058735836e-01 8.979737025113380122e-01 9.762164030114817148e-01
7.135929107807557070e-01 8.506524054929893719e-01 1.000566115482089069e+00
7.135929107807557070e-01 9.602271347862056938e-01 9.198881540903222076e-01
7.135929107807557070e-01 8.296844564068852623e-01 9.198881540903223186e-01
7.135929107807557070e-01 8.683787887511660308e-01 9.198881540903223186e-01
7.774768196902021034e-01 9.333621582183146970e-01 9.699170975611715040e-01
1.549259484870102455e+00 1.743094030366034053e+00 1.571960596734186977e+00
1.399698672575428349e+00 1.613198285799785747e+00 1.619327921834522233e+00
7.774768196902017703e-01 8.904068565264378066e-01 9.699170975611717260e-01
7.774768196902017703e-01 8.836133349107802015e-01 9.699170975611717260e-01
8.944182611132667216e-01 1.109297198105644089e+00 1.065164691720120738e+00
1.018832025945488606e+00 1.455333279148069314e+00 1.018832025945488606e+00
1.018832025945488606e+00 1.200979566223059569e+00 1.018832025945488606e+00
1.018832025945488606e+00 1.637480819425640055e+00 1.891834532350650022e+00
7.774768196902023254e-01 1.017568189741701712e+00 9.699170975611717260e-01
1.018832025945488606e+00 1.200979566223059569e+00 1.891834532350650022e+00
7.774768196902023254e-01 9.767106191768295531e-01 9.699170975611717260e-01
1.018832025945488606e+00 1.637480819425640055e+00 1.018832025945488606e+00
1.018832025945488606e+00 1.200979566223059569e+00 1.891834532350650022e+00
1.018832025945488606e+00 1.200979566223059347e+00 1.018832025945488606e+00
1.018832025945488606e+00 1.200979566223059347e+00 1.018832025945488606e+00
