1.042113131119194680e+00 1.115034565244807041e+00 1.195613801245697383e+00
1.042113131119194680e+00 1.073018190539940964e+00 1.195613801245697605e+00
1.042113131119194680e+00 1.115034565244807041e+00 1.187955999370419624e+00
1.102003203845297374e+00 1.448530560365916653e+00 1.743010884681003958e+00
1.573600652769133079e+00 1.757789242516732520e+00 2.032888692970189037e+00
1.765645478335933882e+00 1.962939616671664833e+00 1.777885706356147066e+00
1.765645478335934104e+00 1.871174289613555253e+00 1.955728412093179269e+00
1.765645478335933882e+00 1.955728412093179269e+00 1.777885706356147066e+00
9.511383466442039358e-01 1.026625961594574310e+00 1.096188017782091517e+00
1.042113131119194680e+00 1.134315995892819284e+00 1.195613801245697383e+00
1.765645478335934104e+00 2.056976136362702601e+00 1.765645478335934104e+00
9.511383466442040469e-01 1.089737393051622538e+00 1.117146228433680388e+00
1.102003203845297374e+00 1.102003203845297374e+00 1.743010884681003958e+00
9.511383466442039358e-01 1.078832706706591038e+00 1.096188017782091739e+00
1.102003203845296930e+00 1.107906375731947168e+00 1.743010884681003514e+00
1.102003203845296930e+00 1.438552971661208213e+00 1.743010884681003514e+00
9.511383466442039358e-01 1.054434521646813616e+00 1.117146228433680166e+00
1.102003203845296930e+00 1.275266882105607014e+00 1.743010884681003514e+00
1.102003203845296930e+00 1.506640318226325048e+00 1.743010884681003514e+00
9.511383466442039358e-01 1.149477197275207807e+00 1.096188017782091295e+00
1.102003203845296930e+00 1.265289293400898352e+00 1.743010884681003514e+00
1.102003203845296930e+00 1.265289293400898130e+00 1.743010884681003514e+00
1.102003203845296930e+00 1.428575382956499329e+00 1.743010884681003514e+00
1.102003203845296930e+00 1.448530560365917097e+00 1.743010884681003514e+00
1.102003203845296930e+00 1.275266882105607014e+00 1.743010884681003514e+00
1.102003203845296930e+00 1.899471088834052690e+00 1.743010884681003514e+00
1.102003203845296930e+00 1.428410216149800460e+00 1.743010884681003514e+00
1.102003203845296930e+00 1.899471088834052690e+00 1.743010884681003514e+00
1.102003203845296930e+00 1.500737146339674810e+00 1.743010884681003514e+00
1.102003203845296930e+00 1.500737146339674810e+00 1.743010884681003514e+00
1.102003203845296930e+00 1.275266882105607014e+00 1.743010884681003514e+00
1.102003203845296930e+00 1.281170053992257252e+00 1.743010884681003514e+00
1.102003203845296930e+00 1.275266882105607014e+00 1.743010884681003514e+00
1.042113131119194680e+00 1.191784900308058504e+00 1.195613801245697383e+00
1.765645478335933882e+00 1.771765592346040474e+00 1.765645478335933882e+00
1.765645478335934104e+00 1.772770539533625511e+00 1.955728412093179269e+00
9.511383466442039358e-01 1.028506306594901165e+00 1.096188017782091739e+00
9.511383466442040469e-01 1.089737393051622538e+00 1.096188017782091739e+00
1.765645478335934548e+00 1.771765592346040918e+00 1.955728412093179713e+00
1.765645478335934548e+00 1.766650425523519363e+00 1.777885706356147066e+00
1.897914388374994488e+00 2.403912147810151279e+00 2.749525491025645696e+00
1.765645478335933882e+00 1.772770539533625511e+00 1.955728412093179269e+00
1.042113131119194680e+00 1.073018190539940964e+00 1.195613801245697383e+00
9.511383466442039358e-01 1.148044447885915975e+00 1.117146228433680388e+00
1.042113131119194680e+00 1.134315995892818840e+00 1.195613801245697161e+00
1.765645478335934104e+00 1.861691892402141502e+00 1.777885706356146844e+00
1.102003203845296930e+00 1.674000824599984893e+00 1.899471088834052690e+00
1.102003203845296930e+00 1.102003203845296930e+00 1.743010884681003514e+00
9.511383466442039358e-01 1.049591397265059900e+00 1.096188017782091295e+00
1.102003203845296930e+00 1.271192465287548590e+00 1.743010884681003514e+00
1.102003203845296930e+00 1.281170053992257252e+00 1.743010884681003514e+00
1.102003203845296930e+00 1.500737146339674810e+00 1.743010884681003514e+00
1.102003203845296930e+00 1.113809547618597406e+00 1.743010884681003514e+00
1.102003203845296930e+00 1.107906375731947168e+00 1.743010884681003514e+00
9.511383466442040469e-01 1.054434521646813616e+00 1.117146228433680388e+00
9.511383466442040469e-01 1.021782837212821260e+00 1.096188017782091517e+00
1.102003203845296930e+00 1.271192465287548368e+00 1.743010884681003514e+00
1.102003203845296930e+00 1.428410216149800460e+00 1.743010884681003514e+00
9.511383466442039358e-01 9.559814710259573189e-01 1.117146228433679944e+00
1.102003203845296930e+00 1.275266882105607014e+00 1.113809547618597406e+00
1.102003203845296930e+00 1.438552971661208213e+00 1.743010884681003514e+00
1.102003203845296930e+00 1.595770722523460305e+00 1.743010884681003514e+00
1.102003203845296930e+00 1.102003203845296930e+00 1.743010884681003514e+00
1.102003203845296930e+00 1.275266882105607014e+00 1.743010884681003514e+00
9.511383466442039358e-01 1.094307672781764884e+00 1.096188017782091517e+00
1.765645478335933882e+00 1.866807059224663057e+00 1.955728412093179269e+00
1.042113131119194680e+00 1.191784900308058504e+00 1.195613801245697605e+00
1.042113131119194680e+00 1.115034565244807041e+00 1.195613801245697383e+00
1.765645478335933882e+00 1.772770539533625289e+00 1.955728412093179269e+00
1.573600652769132857e+00 1.741755739096585209e+00 1.871082146599266416e+00
1.765645478335934548e+00 1.782252936745039262e+00 1.765645478335934548e+00
1.102003203845297374e+00 1.107906375731947390e+00 1.102003203845297374e+00
1.765645478335933882e+00 1.767655372711103734e+00 1.777885706356147066e+00
9.511383466442040469e-01 1.054434521646813616e+00 1.096188017782091739e+00
9.511383466442040469e-01 1.060496083610091400e+00 1.096188017782091517e+00
1.102003203845296930e+00 1.265289293400898352e+00 1.743010884681003514e+00
1.765645478335933882e+00 1.861691892402141502e+00 1.765645478335933882e+00
9.511383466442040469e-01 1.161836647601329098e+00 1.096188017782091739e+00
9.511383466442040469e-01 1.045046973883973607e+00 1.096188017782091739e+00
9.511383466442039358e-01 1.161836647601329098e+00 1.096188017782091517e+00
9.511383466442039358e-01 1.038985411920695601e+00 1.096188017782091517e+00
1.042113131119194680e+00 1.115034565244807041e+00 1.195613801245697383e+00
1.765645478335934104e+00 1.972422013883078584e+00 1.955728412093179269e+00
2.192871970470666732e+00 2.445001787935019877e+00 2.416595955848907629e+00
1.042113131119194680e+00 1.130487094955180183e+00 1.195613801245697605e+00
1.042113131119194680e+00 1.130487094955180183e+00 1.195613801245697605e+00
1.765645478335933882e+00 1.767655372711103734e+00 1.777885706356147066e+00
1.102003203845296930e+00 1.428575382956499329e+00 1.743010884681003514e+00
1.102003203845296930e+00 1.664023235895276009e+00 1.743010884681003514e+00
1.102003203845296930e+00 1.506640318226325048e+00 1.743010884681003514e+00
9.511383466442039358e-01 9.620430329892355470e-01 1.117146228433679944e+00
1.102003203845296930e+00 1.102003203845296930e+00 1.743010884681003514e+00
9.511383466442039358e-01 1.060496083610091622e+00 1.117146228433680166e+00
1.102003203845296930e+00 1.275266882105607014e+00 1.743010884681003514e+00
1.102003203845296930e+00 1.743010884681003514e+00 1.743010884681003514e+00
1.102003203845296930e+00 1.438552971661208213e+00 1.743010884681003514e+00
1.102003203845296930e+00 1.428410216149800460e+00 1.743010884681003514e+00
