1.986036038748774324e+00 2.037504740391232971e+00 1.995395771316917921e+00
1.331442069318763188e+00 1.481760622408167638e+00 1.331442069318763188e+00
1.986036038748774324e+00 2.035021526503300038e+00 1.995395771316917921e+00
1.331442069318763188e+00 1.492823339998262666e+00 1.842650360971313406e+00
2.570394158482360858e+00 2.570394158482361302e+00 2.730886446610399698e+00
1.986036038748774324e+00 2.035021526503300038e+00 2.084007014257825308e+00
1.986036038748774324e+00 2.086490228145758241e+00 2.084007014257825308e+00
1.986036038748774324e+00 2.037504740391232971e+00 2.084007014257824864e+00
1.986036038748774324e+00 2.037504740391232971e+00 1.986036038748774324e+00
1.986036038748774324e+00 2.035021526503299594e+00 1.995395771316917921e+00
1.986036038748774324e+00 2.037504740391232971e+00 2.084007014257825308e+00
1.986036038748774324e+00 1.998449709436695532e+00 1.986036038748774324e+00
1.331442069318763188e+00 1.598108932735132992e+00 1.842650360971313406e+00
1.986036038748774324e+00 2.039701392787371503e+00 1.986036038748774324e+00
1.331442069318762966e+00 1.727363182941993980e+00 1.842650360971313184e+00
1.331442069318762966e+00 1.482821754705813788e+00 1.842650360971313406e+00
1.986036038748774324e+00 2.049918411079154179e+00 1.986036038748774324e+00
1.331442069318762966e+00 1.598108932735132992e+00 1.842650360971313184e+00
1.331442069318762966e+00 1.492823339998262444e+00 1.842650360971313406e+00
1.986036038748774324e+00 2.047435197191220801e+00 1.986036038748774324e+00
1.331442069318762966e+00 1.737364768234442414e+00 1.842650360971313184e+00
1.331442069318762966e+00 1.587046215145038186e+00 1.842650360971313184e+00
1.331442069318762966e+00 1.353567504498952578e+00 1.842650360971313184e+00
1.331442069318762966e+00 1.737364768234442636e+00 1.842650360971313184e+00
1.331442069318762966e+00 1.598108932735132992e+00 1.842650360971313406e+00
1.331442069318762966e+00 1.737364768234442636e+00 1.842650360971313184e+00
1.331442069318762966e+00 1.481760622408167416e+00 1.842650360971313184e+00
1.331442069318762966e+00 1.492823339998262444e+00 1.842650360971313184e+00
1.331442069318762966e+00 1.481760622408167416e+00 1.842650360971313184e+00
1.331442069318762966e+00 1.737364768234442636e+00 1.842650360971313184e+00
1.331442069318762966e+00 1.842650360971313184e+00 1.842650360971313184e+00
1.331442069318762966e+00 1.353567504498952800e+00 1.842650360971313406e+00
1.331442069318762966e+00 1.622077590205123432e+00 1.842650360971313184e+00
1.986036038748774324e+00 2.037504740391232971e+00 1.995395771316917921e+00
1.986036038748774324e+00 2.088973442033691619e+00 2.084007014257825308e+00
1.986036038748774324e+00 2.035021526503300038e+00 2.084007014257825308e+00
1.986036038748774324e+00 2.042184606675304437e+00 1.986036038748774324e+00
1.986036038748774324e+00 1.990715905032846234e+00 1.986036038748774324e+00
1.986036038748774324e+00 2.039701392787371503e+00 1.986036038748774324e+00
1.986036038748774324e+00 1.986036038748774324e+00 2.084007014257824864e+00
1.986036038748774324e+00 2.037504740391232971e+00 2.084007014257824864e+00
2.570394158482360414e+00 2.730886446610399254e+00 2.570394158482360414e+00
1.986036038748774324e+00 2.037504740391232971e+00 2.084007014257824864e+00
1.986036038748774324e+00 1.990715905032846234e+00 1.995395771316917921e+00
1.986036038748774324e+00 2.088973442033691619e+00 1.986036038748774324e+00
1.331442069318762966e+00 1.492823339998262222e+00 1.331442069318762966e+00
1.986036038748774324e+00 2.035021526503299594e+00 2.084007014257824864e+00
1.331442069318762966e+00 1.632079175497571644e+00 1.842650360971313406e+00
1.331442069318762966e+00 1.737364768234442636e+00 1.842650360971313184e+00
1.986036038748774324e+00 2.037504740391232971e+00 1.986036038748774324e+00
1.331442069318762966e+00 1.612076004912674998e+00 1.842650360971313184e+00
1.331442069318762966e+00 1.598108932735132992e+00 1.842650360971313406e+00
1.331442069318762966e+00 1.727363182941993980e+00 1.842650360971313184e+00
1.331442069318762966e+00 1.492823339998262444e+00 1.842650360971313184e+00
1.331442069318762966e+00 1.727363182941993980e+00 1.842650360971313406e+00
1.986036038748774324e+00 2.037504740391232971e+00 1.986036038748774324e+00
1.331442069318763188e+00 1.737364768234442636e+00 1.353567504498953022e+00
1.331442069318762966e+00 1.737364768234442636e+00 1.842650360971313406e+00
1.331442069318762966e+00 1.587046215145038186e+00 1.842650360971313184e+00
1.331442069318762966e+00 1.587046215145038186e+00 1.353567504498952800e+00
1.331442069318762966e+00 1.492823339998262222e+00 1.842650360971313184e+00
1.331442069318762966e+00 1.737364768234442636e+00 1.842650360971313406e+00
1.331442069318762966e+00 1.482821754705813788e+00 1.842650360971313406e+00
1.331442069318762966e+00 1.492823339998262000e+00 1.842650360971313184e+00
1.331442069318762966e+00 1.481760622408167194e+00 1.842650360971313184e+00
1.986036038748774324e+00 2.088973442033691619e+00 1.986036038748774324e+00
1.986036038748774324e+00 1.998449709436695532e+00 2.084007014257825308e+00
1.986036038748774324e+00 1.990715905032846234e+00 1.995395771316917921e+00
1.986036038748774324e+00 1.990715905032846234e+00 1.995395771316917921e+00
1.986036038748774324e+00 2.035021526503300038e+00 2.084007014257825308e+00
2.570394158482360414e+00 2.650640302546380500e+00 2.730886446610399698e+00
1.986036038748774324e+00 2.086490228145758241e+00 2.084007014257824864e+00
1.331442069318762966e+00 1.598108932735132992e+00 1.842650360971312962e+00
1.986036038748774324e+00 2.035021526503300038e+00 2.084007014257825308e+00
1.331442069318763188e+00 1.598108932735133436e+00 1.353567504498953245e+00
1.986036038748774324e+00 2.035021526503299594e+00 1.986036038748774324e+00
1.331442069318762966e+00 1.842650360971313406e+00 1.842650360971313184e+00
1.986036038748774324e+00 1.998449709436695532e+00 2.084007014257825308e+00
1.986036038748774324e+00 2.047435197191220801e+00 1.986036038748774324e+00
1.986036038748774324e+00 2.086490228145758241e+00 1.986036038748774324e+00
1.986036038748774324e+00 2.037504740391232971e+00 1.986036038748774324e+00
1.986036038748774324e+00 2.039701392787371503e+00 1.986036038748774324e+00
1.986036038748774324e+00 2.037504740391232971e+00 1.995395771316917921e+00
1.986036038748774324e+00 2.010863380124616739e+00 2.084007014257825308e+00
2.570394158482360414e+00 2.818511089620258314e+00 2.730886446610399698e+00
1.986036038748774324e+00 2.086490228145758241e+00 1.995395771316917921e+00
1.986036038748774324e+00 2.088973442033691619e+00 1.995395771316917921e+00
1.986036038748774324e+00 2.035021526503300038e+00 2.084007014257825308e+00
1.331442069318762966e+00 1.598108932735132992e+00 1.842650360971313406e+00
1.331442069318762966e+00 1.632079175497571644e+00 1.842650360971313184e+00
1.331442069318762966e+00 1.353567504498952800e+00 1.842650360971313184e+00
1.986036038748774324e+00 2.035021526503299594e+00 1.986036038748774324e+00
1.331442069318762966e+00 1.492823339998262222e+00 1.842650360971313184e+00
1.986036038748774324e+00 2.039701392787371503e+00 1.986036038748774324e+00
1.331442069318762966e+00 1.492823339998262222e+00 1.842650360971313184e+00
1.331442069318762966e+00 1.471759037115718982e+00 1.842650360971313406e+00
1.331442069318762966e+00 1.587046215145038186e+00 1.842650360971313184e+00
1.331442069318762966e+00 1.492823339998262444e+00 1.842650360971313406e+00
