1.706013525479056936e+00 3.645518058436138631e+00 2.615451806748363417e+00
1.099619986898248580e+00 1.554190148493503454e+00 1.265814233988391102e+00
4.498800583128870656e+00 5.204885919342641998e+00 4.598773322579546630e+00
3.422423673548672607e+00 3.989576506077173512e+00 4.994024262723229413e+00
2.965383804715933991e+00 3.624454818124596134e+00 5.204767748090775470e+00
4.119781954892549614e+00 5.056622257338588611e+00 4.792028979331206529e+00
2.033562257378250138e+00 3.367964383230791725e+00 2.996962350416130239e+00
3.767781430383031260e+00 4.685159620665574565e+00 5.883924582914527690e+00
4.498801004017471961e+00 5.264550335766971401e+00 5.785134273280053030e+00
4.104703913885263233e+00 4.764779560956561966e+00 4.688605152720206171e+00
1.099619986898248580e+00 1.670893142712117641e+00 1.117304593132906643e+00
2.067183324971772151e+00 3.814566858827467932e+00 4.205824088909426273e+00
4.122391273228340758e+00 4.483619133182494387e+00 5.334843360271238843e+00
3.311341513386803381e+00 4.191870772760105446e+00 5.358417798225623585e+00
3.992618418717456041e+00 4.861894419917886623e+00 5.084513539426631645e+00
1.099619986898314750e+00 1.451025868888454307e+00 2.592601249359822280e+00
2.152400014631737690e+00 3.663357227129183880e+00 4.439726891496994732e+00
1.099619986898314750e+00 1.447533820490685574e+00 2.592601249359822280e+00
2.029167026282614472e+00 2.656006174421636779e+00 3.969044068509267387e+00
1.099619986898248580e+00 1.688067593036362002e+00 1.099619986898248580e+00
1.099619986898248580e+00 1.656040036730433984e+00 1.265814233988391102e+00
3.421771810352157051e+00 4.412682782549222971e+00 5.001313111160651914e+00
1.099619986898314750e+00 1.805061931863258140e+00 2.526092560426973499e+00
2.784463256366614736e+00 4.826093275862967324e+00 6.651794966824611244e+00
4.122391273228447339e+00 4.517280846093751911e+00 4.422233067824498320e+00
3.422423673548672607e+00 3.882147444390535274e+00 4.234825971296271696e+00
2.033142363542939979e+00 3.551276530336316739e+00 4.251225083833802820e+00
2.949911753616377474e+00 3.940845756126047483e+00 3.112098578279013594e+00
4.122391273228447339e+00 4.480932016256732986e+00 4.420801870979603976e+00
