3.587424143632112816e+00 3.783371922342732230e+00 3.698289298655228929e+00
3.619756863146331494e+00 4.048757136405068735e+00 5.182518306861751967e+00
5.492592439217535372e+00 5.695631601204064864e+00 5.666364578492436799e+00
3.778044316808999881e+00 4.456543669552369025e+00 3.867249467577647870e+00
4.921811907315066570e+00 5.070826699563619755e+00 4.980457218592345470e+00
5.492592439217888867e+00 5.653730232326319438e+00 5.542315284869486547e+00
3.778044316810032832e+00 4.187923908581426602e+00 3.867249467577233979e+00
3.587424143632112816e+00 4.264975055079473165e+00 3.647209652501785637e+00
5.492592439217888867e+00 5.884498541041127240e+00 5.663788343766371192e+00
3.619756863146425641e+00 3.973299143875359540e+00 3.683462446796294198e+00
3.587424143631674944e+00 4.119100507663537414e+00 5.182518306861254587e+00
3.587424143632112816e+00 4.123600730779928725e+00 5.182518306861764401e+00
5.492592439217888867e+00 5.708613011696952455e+00 6.208301653334434178e+00
5.023373125495037783e+00 5.153414369023704644e+00 5.074827335149707075e+00
5.492592439217524714e+00 5.904817554529445900e+00 5.801921383565133539e+00
3.619756863146425641e+00 3.828410190196638752e+00 5.182518306861730650e+00
5.023373125495037783e+00 5.143843966450091898e+00 5.023373125495211866e+00
3.619756863146425641e+00 4.051528560719361849e+00 5.182518306861730650e+00
3.778044316810032832e+00 4.353823050860562205e+00 5.566177028904379931e+00
3.619756863146331494e+00 4.134581322573358975e+00 5.301976746554138309e+00
3.587424143631674944e+00 3.742361689656314550e+00 5.301976746553693332e+00
5.375086867492618659e+00 5.825769785833950110e+00 5.417271160111381434e+00
3.778044316808999881e+00 4.182968297955378389e+00 5.566177028903760871e+00
3.587424143632112816e+00 3.957324983247296757e+00 3.619756863146974979e+00
5.492592439217535372e+00 5.749483436495244959e+00 6.305275837864786403e+00
5.492592439217888867e+00 5.863715082415157376e+00 5.542315284869486547e+00
5.492592439217535372e+00 5.774958285600265029e+00 5.492592439217535372e+00
3.619756863146331494e+00 4.129343630509456631e+00 3.636198648144907786e+00
5.492592439217524714e+00 5.898331996119423160e+00 6.208301653334611814e+00
3.778044316810032832e+00 4.185835640174659034e+00 3.867249467577233979e+00
