5.717008157045665229e+00 5.784895511940518098e+00 5.720585053119719099e+00
5.717008157045665229e+00 5.771417309060513645e+00 5.720585053119624952e+00
5.717008157045665229e+00 5.784617196256253813e+00 5.720585053119648933e+00
5.717008157045665229e+00 5.751234920940470730e+00 5.717008157045665229e+00
5.717008157045665229e+00 5.752000035595505878e+00 5.844932778524106531e+00
5.717008157045665229e+00 5.745603804521180358e+00 5.720585053118664831e+00
5.717008157045665229e+00 5.739336682810590951e+00 5.717008157047578365e+00
5.717008157045665229e+00 5.765070813427124463e+00 5.720585053119719099e+00
5.717008157045665229e+00 5.752099506475581769e+00 5.720585053118664831e+00
5.717008157045665229e+00 5.770523085042498224e+00 5.720585053119648933e+00
5.717008157045665229e+00 5.752765150249935289e+00 5.720585053118664831e+00
5.717008157045665229e+00 5.758803691716616768e+00 5.720585053119719099e+00
5.717008157045665229e+00 5.752049771035279591e+00 5.720585053118664831e+00
5.717008157045665229e+00 5.771417309060737466e+00 5.853081279474690035e+00
5.717008157045665229e+00 5.771059619453165368e+00 5.720585053119719099e+00
5.717008157045665229e+00 5.759032271960154326e+00 5.720585053119648933e+00
5.717008157045665229e+00 5.764613652939211796e+00 5.853081279474690035e+00
5.717008157045665229e+00 5.746905453587073609e+00 5.720585053119648933e+00
5.717008157045665229e+00 5.764434808135693977e+00 5.717008157047578365e+00
5.717008157045665229e+00 5.745961494128593472e+00 5.720585053119624952e+00
5.717008157045665229e+00 5.757859732257822216e+00 5.720585053118664831e+00
5.717008157045665229e+00 5.751771455351311957e+00 5.717008157045665229e+00
5.717008157045665229e+00 5.745554069080958115e+00 5.717008157045665229e+00
5.717008157045665229e+00 5.752765150249457449e+00 5.720585053119719099e+00
5.717008157045665229e+00 5.732711871492789157e+00 5.720585053119648933e+00
5.717008157045665229e+00 5.746547763979889645e+00 5.720585053118664831e+00
5.717008157045665229e+00 5.764663388379346110e+00 5.720585053119648933e+00
5.717008157045665229e+00 5.777684430771207857e+00 5.720585053119624952e+00
5.717008157045665229e+00 5.791699168061755998e+00 5.720585053119719099e+00
5.717008157045665229e+00 5.764305698772389519e+00 5.717008157047578365e+00
5.717008157045665229e+00 5.778141591259020160e+00 5.717008157047578365e+00
