3.591396299494501232e+00 5.091373355594924988e+00 4.494458773615790825e+00
2.034866779655273739e+00 2.754684288892198740e+00 4.055324040620159387e+00
4.505866965604820251e+00 5.028141196041300276e+00 5.685057720122892455e+00
4.127149333518711494e+00 4.956873907596120787e+00 6.168039430853553995e+00
2.970251131952688084e+00 3.489863204409736852e+00 4.191690062502392955e+00
4.127149333518711494e+00 4.779673917365061087e+00 4.785900033081472493e+00
4.127149333519207985e+00 4.936942867441156402e+00 4.798428758598150878e+00
3.790778186320811649e+00 4.856973715892503485e+00 5.667092153985114678e+00
4.506160779537656147e+00 5.330599072010515194e+00 5.723984033483597855e+00
4.126555885212470187e+00 4.900325777020378304e+00 5.868503394377701632e+00
2.030966914290455172e+00 2.669978786935462534e+00 4.055324040621480108e+00
2.030966914290589731e+00 2.571672412413677833e+00 2.115955969205237430e+00
4.764488175711754536e+00 5.160397049224056509e+00 5.805694767984160620e+00
3.315687384705174434e+00 4.050885334809537497e+00 4.433500123958177497e+00
4.628190943737966911e+00 5.328382053811388630e+00 5.106487214724264589e+00
2.034866779655228886e+00 2.485192497001170064e+00 4.055324040621933968e+00
2.818841503738181320e+00 3.863028241589658851e+00 3.571981179135830686e+00
2.034866779655228886e+00 2.486327734901197850e+00 4.055324040621933968e+00
2.034866779655273739e+00 2.816381254533868450e+00 3.853863435224552880e+00
1.949597224240881443e+00 2.627157672525947785e+00 3.651381466508182072e+00
1.949597224240881443e+00 2.519950382001857836e+00 3.651381466508182072e+00
3.790778186320805876e+00 4.632473792411139435e+00 5.902149980769616278e+00
2.030966914290589731e+00 2.563051809240838974e+00 4.055324040621930415e+00
2.855129149944099609e+00 4.341950610127415899e+00 2.911547520537275169e+00
4.683561858150184776e+00 5.074933262763126507e+00 5.575821487449750258e+00
4.127149333518711494e+00 4.801604263861499966e+00 6.168039430853553995e+00
3.599104386464534233e+00 4.747420748248813993e+00 4.526676555868760055e+00
2.970251131952590828e+00 4.000896414431099224e+00 5.209025354930695961e+00
4.764488175711517393e+00 5.218038285092553963e+00 5.805694767984578952e+00
4.127149333519207985e+00 5.138153589352849160e+00 6.168039430852103600e+00
