3.924144553814255421e+00 5.378682831534476350e+00 4.831977118438927299e+00
2.189228868143659579e+00 2.925537781816144545e+00 4.302669869381858803e+00
4.687571351341273562e+00 5.199240154228032651e+00 5.861795870678025544e+00
4.431968213571860993e+00 5.214340468995355415e+00 6.403931981168635268e+00
3.164188926270657731e+00 3.712201202375687181e+00 4.396030543700907067e+00
4.431968213571860993e+00 5.042964022665257673e+00 5.031901483376787887e+00
4.431968213572870852e+00 5.198571580153934057e+00 5.092009435222925262e+00
4.104778165706846949e+00 5.127072925515479440e+00 5.948253758407505032e+00
4.687862734358565930e+00 5.493917434810838607e+00 5.900172388354798514e+00
4.431383638780668655e+00 5.168091985538514344e+00 6.145087486145642153e+00
2.169154362705788763e+00 2.842253375441609720e+00 4.302669869382910406e+00
2.169154362705861594e+00 2.750525104841485824e+00 2.304599989596916920e+00
5.036748798154341067e+00 5.429521119078409619e+00 6.051818552049067712e+00
3.509575009355313302e+00 4.272751157822304968e+00 4.634501645578912310e+00
4.837476890582617983e+00 5.540056128749498043e+00 5.337027810536137729e+00
2.189228868143675566e+00 2.661443452340464422e+00 4.302669869382946821e+00
2.976983186709494245e+00 4.024954361331819719e+00 3.767945405648548185e+00
2.189228868143675566e+00 2.659659171921628484e+00 4.302669869382946821e+00
2.189228868143659579e+00 2.991282333878574118e+00 4.006281619988483200e+00
2.088713311459112987e+00 2.791328737245239555e+00 3.911098729186966327e+00
2.088713311459112987e+00 2.695625537227579915e+00 3.911098729186966327e+00
4.104778165706076898e+00 4.873513149219080631e+00 6.141194625637075966e+00
2.169154362705861594e+00 2.739762781269011516e+00 4.302669869382944157e+00
3.015253365378924855e+00 4.499690756707272143e+00 3.094166386278235148e+00
4.957631419553321983e+00 5.348993680491997083e+00 5.827630443972450891e+00
4.431968213571860993e+00 5.067732624668519037e+00 6.403931981168635268e+00
3.932649995652456987e+00 5.046857918252817043e+00 4.883200802069850965e+00
3.164188926270656399e+00 4.241404230727409796e+00 5.409543456346903589e+00
5.036748798153798390e+00 5.489600590896273502e+00 6.051818552049993194e+00
4.431968213572870852e+00 5.396476740037527087e+00 6.403931981167630738e+00
