3.752773451438414121e+00 3.960438686920691342e+00 3.902879875042076119e+00
3.784789192759660192e+00 4.234796327025930118e+00 5.401244244187533461e+00
5.762832506020811429e+00 5.961819669725139548e+00 5.925355992585184417e+00
3.941140558849559383e+00 4.651770267744238296e+00 4.050841908753760379e+00
5.109249477200684453e+00 5.266850393532317653e+00 5.168865599599612004e+00
5.762832506020933110e+00 5.922019013911389962e+00 5.807353378644211084e+00
3.941140558850274811e+00 4.373972922272202801e+00 4.050841908753757714e+00
3.752773451438414121e+00 4.459535579450911058e+00 3.834020516490179276e+00
5.762832506020933110e+00 6.153415567142761944e+00 5.920923671637613239e+00
3.784789192759655307e+00 4.161055990674047855e+00 3.867075018954867716e+00
3.752773451438450980e+00 4.310848548864311347e+00 5.401244244187533461e+00
3.752773451438414121e+00 4.315524826190544339e+00 5.401244244187533461e+00
5.762832506020933110e+00 5.976046332345746670e+00 6.472069951643880437e+00
5.209400565180879461e+00 5.345971142639333706e+00 5.261897332267376548e+00
5.762832506020810541e+00 6.172999974510005039e+00 6.080381804296529857e+00
3.784789192759655307e+00 4.017695174601571217e+00 5.401244244187533461e+00
5.209400565180879461e+00 5.336172615144817222e+00 5.209400565180889231e+00
3.784789192759655307e+00 4.246085064277155041e+00 5.401244244187533461e+00
3.941140558850274811e+00 4.542273543487680421e+00 5.775308162324543915e+00
3.784789192759660192e+00 4.327370816235793782e+00 5.517867142299768268e+00
3.752773451438450980e+00 3.930599777510706438e+00 5.517867142299769156e+00
5.647905207735271382e+00 6.095917105850288564e+00 5.685105642459470587e+00
3.941140558849559383e+00 4.362648253654847430e+00 5.775308162324544803e+00
3.752773451438414121e+00 4.143450340635131290e+00 3.784789192760077636e+00
5.762832506020811429e+00 6.021446792893867972e+00 6.566031626375256280e+00
5.762832506020933110e+00 6.132644344974760742e+00 5.807353378644211084e+00
5.762832506020811429e+00 6.044215868917929058e+00 5.762832506020811429e+00
3.784789192759660192e+00 4.314252745571834247e+00 3.796984748845093627e+00
5.762832506020810541e+00 6.165007960195926451e+00 6.472069951643860897e+00
3.941140558850274811e+00 4.369379030994354096e+00 4.050841908753757714e+00
