5.941458198159318194e+00 6.009345553052757971e+00 5.945035094232577144e+00
5.941458198159318194e+00 5.995867350173034183e+00 5.945035094232534512e+00
5.941458198159318194e+00 6.009067237368363124e+00 5.945035094232521189e+00
5.941458198159318194e+00 5.975684962052955740e+00 5.941458198159318194e+00
5.941458198159318194e+00 5.976450076707945591e+00 6.069382819634958182e+00
5.941458198159318194e+00 5.970053845633991330e+00 5.945035094232055783e+00
5.941458198159318194e+00 5.963786723923484523e+00 5.941458198159990545e+00
5.941458198159318194e+00 5.989520854539712502e+00 5.945035094232577144e+00
5.941458198159318194e+00 5.976549547588474454e+00 5.945035094232055783e+00
5.941458198159318194e+00 5.994973126154909515e+00 5.945035094232521189e+00
5.941458198159318194e+00 5.977215191362699187e+00 5.945035094232055783e+00
5.941458198159318194e+00 5.983253732829213689e+00 5.945035094232577144e+00
5.941458198159318194e+00 5.976499812148111879e+00 5.945035094232055783e+00
5.941458198159318194e+00 5.995867350173115895e+00 6.077531320587482355e+00
5.941458198159318194e+00 5.995509660565721433e+00 5.945035094232577144e+00
5.941458198159318194e+00 5.983482313073084313e+00 5.945035094232521189e+00
5.941458198159318194e+00 5.989063694051694142e+00 6.077531320587482355e+00
5.941458198159318194e+00 5.971355494699871258e+00 5.945035094232521189e+00
5.941458198159318194e+00 5.988884849248099940e+00 5.941458198159990545e+00
5.941458198159318194e+00 5.970411535241320067e+00 5.945035094232534512e+00
5.941458198159318194e+00 5.982309773370544370e+00 5.945035094232055783e+00
5.941458198159318194e+00 5.976221496463852922e+00 5.941458198159318194e+00
5.941458198159318194e+00 5.970004110193668723e+00 5.941458198159318194e+00
5.941458198159318194e+00 5.977215191362506452e+00 5.945035094232577144e+00
5.941458198159318194e+00 5.957161912605727139e+00 5.945035094232521189e+00
5.941458198159318194e+00 5.970997805092639332e+00 5.945035094232055783e+00
5.941458198159318194e+00 5.989113429491990992e+00 5.945035094232521189e+00
5.941458198159318194e+00 6.002134471883583622e+00 5.945035094232534512e+00
5.941458198159318194e+00 6.016149209174070478e+00 5.945035094232577144e+00
5.941458198159318194e+00 5.988755739884831897e+00 5.941458198159990545e+00
5.941458198159318194e+00 6.002591632371575336e+00 5.941458198159990545e+00
