2.056189990907276055e+00 3.929492587258354153e+00 3.029844402167157558e+00
1.275866812535908501e+00 1.688622619745921538e+00 1.384184137118355862e+00
4.680504258423077601e+00 5.382112020985734269e+00 4.750005449922214851e+00
3.746315674329282253e+00 4.263451823360680848e+00 5.220672863217608040e+00
3.159332748116367995e+00 3.843696132709335522e+00 5.405284411980759707e+00
4.424915786481792068e+00 5.325709578874989525e+00 5.085783418096267994e+00
2.370576075742125699e+00 3.628280596519756873e+00 3.337547459760316748e+00
4.081881161937888969e+00 4.953468120278463616e+00 6.119518912378035580e+00
4.680504676878952885e+00 5.428520493829711135e+00 5.978653622597272843e+00
4.409613815473693244e+00 5.024067022752626954e+00 4.935509474267328223e+00
1.275866812535908501e+00 1.811915452539003324e+00 1.294568615007526402e+00
2.402824564926542728e+00 4.091025150494073337e+00 4.443575622391747970e+00
4.397040808220075370e+00 4.764786339423811690e+00 5.600878715791689721e+00
3.505240215234005863e+00 4.404198977528276160e+00 5.556620838507508431e+00
4.154943026181554977e+00 5.032075497759362470e+00 5.237581182004084290e+00
1.275866812535908501e+00 1.602675113322646894e+00 2.717390591443561210e+00
2.295125291617534202e+00 3.796349716748241399e+00 4.586277530782504996e+00
1.275866812535908501e+00 1.599118898787258658e+00 2.717390591443561210e+00
2.184506903826702207e+00 2.844341181600448465e+00 4.120097717898342005e+00
1.275866812535908501e+00 1.825977824468001831e+00 1.275866812535908501e+00
1.275866812535908501e+00 1.805808115566172489e+00 1.384184137118355862e+00
3.745674010403061249e+00 4.652518438584977822e+00 5.227154388187442713e+00
1.275866812535908501e+00 1.946645377847504133e+00 2.651298850323418499e+00
3.103387148586909561e+00 5.069098882875762158e+00 6.828837393256851129e+00
4.397040808221421848e+00 4.800389012437542569e+00 4.718194133899917375e+00
3.746315674329282253e+00 4.172108863710450422e+00 4.511271393690551967e+00
2.370163699845509342e+00 3.818272080742467267e+00 4.487300468316245627e+00
3.143773350431429137e+00 4.177587992725138477e+00 3.326779307598316748e+00
4.397040808221421848e+00 4.766545131356662246e+00 4.714578637154888341e+00
