1.474863141609420003e+00 2.013236972613810405e+00 2.006755669369020278e+00
1.496764607485465026e+00 1.846897887165536378e+00 2.102952528071365457e+00
2.000261439410077280e+00 2.391951015643348111e+00 3.070390259371504005e+00
1.727469341826844529e+00 2.056150943531228403e+00 1.727469341826844529e+00
1.577492400537344297e+00 1.985868004003989329e+00 2.578331305950260166e+00
1.727469341826844529e+00 2.159943353236884800e+00 2.480398349488783349e+00
1.727469341826844973e+00 2.097922800167031365e+00 2.058276507314113601e+00
1.727469341826845417e+00 2.047946065041776009e+00 2.806957072887846127e+00
2.000261439410076392e+00 2.445168417352127754e+00 3.070390259371504005e+00
1.727469341826845417e+00 2.153264093883083152e+00 2.806957072887843907e+00
1.496764607485465026e+00 1.787799234868559850e+00 2.102952528071365457e+00
1.496764607485465026e+00 1.715912869042454547e+00 1.496764607485465026e+00
2.480019199006535224e+00 2.654375320257980952e+00 2.680495379741740347e+00
1.577492400537343853e+00 2.120754781970560554e+00 2.578331305950261498e+00
2.361646157952242309e+00 2.739733142429651380e+00 2.771430083689067292e+00
1.496764607485465026e+00 1.717654577233383106e+00 2.102952528071365457e+00
1.469671565126135393e+00 1.850259642752725808e+00 2.146136034506989532e+00
1.496764607485465026e+00 1.702949986487876544e+00 2.102952528071365457e+00
1.496764607485465026e+00 1.892078362979972228e+00 2.593897251061667131e+00
1.496764607485465026e+00 1.903829205614542719e+00 2.102952528071365457e+00
1.496764607485465026e+00 1.802670314653700867e+00 2.102952528071365457e+00
1.727469341826845861e+00 2.094584180407298213e+00 1.727469341826845861e+00
1.496764607485465026e+00 1.729500631266061905e+00 2.102952528071365457e+00
1.469671565126135393e+00 1.999621777664207567e+00 1.665375567988753192e+00
2.480019199006536557e+00 2.688792624405473397e+00 2.680495379741740347e+00
1.727469341826844529e+00 2.076904304344615149e+00 1.727469341826844529e+00
1.474863141609419559e+00 1.912421434933839093e+00 2.039679919900356797e+00
1.577492400537344963e+00 2.226766288679801864e+00 3.057160975886671128e+00
2.480019199006535668e+00 2.697132447297341251e+00 2.680495379741740347e+00
1.727469341826844973e+00 2.168334474933233835e+00 1.727469341826844973e+00
