1.149695104701885962e+00 1.414490719848920275e+00 1.631580899068405754e+00
1.086052213497803454e+00 1.433003709953036164e+00 1.216864965228765749e+00
1.993670434382933454e+00 2.513602122579063902e+00 1.993670434382933454e+00
1.954744629812106504e+00 2.022563178316151511e+00 2.608296022031648675e+00
1.573587981945534064e+00 2.074078260665687345e+00 3.055107509246549391e+00
1.707518416216969426e+00 2.177912393384722645e+00 2.053084423177866213e+00
1.233292245266094822e+00 1.581098155663258620e+00 1.706263826550462381e+00
1.690975768301858473e+00 2.020533319458087007e+00 1.690975768301858473e+00
1.993670434382933454e+00 2.405663019943919068e+00 2.924265491520358751e+00
1.690975768301858917e+00 2.117161325872033650e+00 2.469400761353227391e+00
1.086052213497803454e+00 1.519459207842744020e+00 1.086052213497804342e+00
1.233292245266094822e+00 1.606300241838594545e+00 1.291148271600925046e+00
2.328385982731967285e+00 2.538654047171472250e+00 2.943556944907690820e+00
1.573587981945534064e+00 2.248514134908615514e+00 3.055107509246550723e+00
2.154163830237652455e+00 2.656930348416743914e+00 3.021826327743737828e+00
1.086052213497803898e+00 1.343991497902345511e+00 2.212232695856808373e+00
1.244704065041642327e+00 1.869211759787378524e+00 2.834999425120607874e+00
1.086052213497803898e+00 1.343991497902345511e+00 2.212232695856808373e+00
1.495530695048653769e+00 1.736359299877977991e+00 2.587383146431652570e+00
1.086052213497803454e+00 1.525999845429292234e+00 1.086052213497803454e+00
1.086052213497803454e+00 1.499837295083100042e+00 1.216864965228765749e+00
1.954744629812107171e+00 2.257969854870010451e+00 2.608296022031649564e+00
1.086052213497803898e+00 1.618995980905548304e+00 2.212232695856808373e+00
1.275038271361962128e+00 1.670659075499894453e+00 1.356988362587946195e+00
2.328385982731966841e+00 2.560462515172562625e+00 2.546470662742868374e+00
1.954744629812106504e+00 2.067732393505285593e+00 2.338657621555109589e+00
1.233292245266094156e+00 1.484996845063428994e+00 1.291148271600925934e+00
1.562782088939969505e+00 2.196876859317344000e+00 1.804017616304313343e+00
2.328385982731966841e+00 2.551512435064866580e+00 2.546470662742868374e+00
