5.846216532182294756e+00 5.861622500207561259e+00 5.874227383136845226e+00
5.846216532182294756e+00 5.864423585303097930e+00 5.874227383137637482e+00
5.846216532182294756e+00 5.867224670398496933e+00 5.874227383136845226e+00
5.846216532182294756e+00 5.865824127850693515e+00 5.874227383137245795e+00
5.846216532182294756e+00 5.854619787468924308e+00 5.846216532182294756e+00
5.846216532182294756e+00 5.865824127850819636e+00 5.874227383136845226e+00
5.846216532182294756e+00 5.857420872564452097e+00 5.874227383136845226e+00
5.846216532182294756e+00 5.861622500207554154e+00 5.874227383136927827e+00
5.846216532182294756e+00 5.863023042755316716e+00 5.874227383136845226e+00
5.846216532182294756e+00 5.864423585302946051e+00 5.874227383136839897e+00
5.846216532182294756e+00 5.864423585303121911e+00 5.874227383136845226e+00
5.846216532182294756e+00 5.860221957659763170e+00 5.874227383136927827e+00
5.846216532182294756e+00 5.870025755494006070e+00 5.874227383137245795e+00
5.846216532182294756e+00 5.870025755493907482e+00 5.874227383137245795e+00
5.846216532182294756e+00 5.867224670398504927e+00 5.874227383136839897e+00
5.846216532182294756e+00 5.864423585303018882e+00 5.874227383136927827e+00
5.846216532182294756e+00 5.861622500207612774e+00 5.874227383137245795e+00
5.846216532182294756e+00 5.867224670398484498e+00 5.874227383136845226e+00
5.846216532182294756e+00 5.865824127850767233e+00 5.874227383136927827e+00
5.846216532182294756e+00 5.864423585303035757e+00 5.874227383137637482e+00
5.846216532182294756e+00 5.864423585302991349e+00 5.874227383136839897e+00
5.846216532182294756e+00 5.868625212946223080e+00 5.874227383136845226e+00
5.846216532182294756e+00 5.868625212946127156e+00 5.874227383136845226e+00
5.846216532182294756e+00 5.863023042755247438e+00 5.874227383136839897e+00
5.846216532182294756e+00 5.867224670398510256e+00 5.874227383136927827e+00
5.846216532182294756e+00 5.864423585303040198e+00 5.874227383136927827e+00
5.846216532182294756e+00 5.864423585303024211e+00 5.874227383136839897e+00
5.846216532182294756e+00 5.867224670398437425e+00 5.874227383136839897e+00
5.846216532182294756e+00 5.865824127850799208e+00 5.874227383136839897e+00
5.846216532182294756e+00 5.865824127850729042e+00 5.874227383136927827e+00
5.846216532182294756e+00 5.865824127850763681e+00 5.874227383136839897e+00
5.846216532182294756e+00 5.871426298041662939e+00 5.874227383136927827e+00
5.846216532182294756e+00 5.864423585303113029e+00 5.874227383136845226e+00
5.846216532182294756e+00 5.865824127850767233e+00 5.874227383136927827e+00
5.846216532182294756e+00 5.864423585302971809e+00 5.874227383136845226e+00
5.846216532182294756e+00 5.868625212946183112e+00 5.874227383136845226e+00
5.846216532182294756e+00 5.865824127850836511e+00 5.874227383136927827e+00
5.846216532182294756e+00 5.865824127850758352e+00 5.874227383136839897e+00
5.846216532182294756e+00 5.863023042755394876e+00 5.874227383136927827e+00
5.846216532182294756e+00 5.864423585303045527e+00 5.874227383136839897e+00
5.846216532182294756e+00 5.867224670398506703e+00 5.874227383136839897e+00
5.846216532182294756e+00 5.863023042755335368e+00 5.846216532182770820e+00
5.846216532182294756e+00 5.863023042755415304e+00 5.874227383136927827e+00
5.846216532182294756e+00 5.865824127850792991e+00 5.874227383136845226e+00
5.846216532182294756e+00 5.861622500207596786e+00 5.874227383136845226e+00
5.846216532182294756e+00 5.863023042755333591e+00 5.874227383136927827e+00
5.846216532182294756e+00 5.863023042755346026e+00 5.874227383137393232e+00
5.846216532182294756e+00 5.864423585303008224e+00 5.874227383136927827e+00
5.846216532182294756e+00 5.865824127850805425e+00 5.874227383136927827e+00
5.846216532182294756e+00 5.861622500207576358e+00 5.874227383137637482e+00
5.846216532182294756e+00 5.864423585303113029e+00 5.874227383136839897e+00
5.846216532182294756e+00 5.868625212946268377e+00 5.874227383136927827e+00
5.846216532182294756e+00 5.870025755493998076e+00 5.874227383136839897e+00
5.846216532182294756e+00 5.868625212946309233e+00 5.874227383136927827e+00
5.846216532182294756e+00 5.861622500207606556e+00 5.874227383136927827e+00
5.846216532182294756e+00 5.864423585303084607e+00 5.874227383136927827e+00
5.846216532182294756e+00 5.861622500207514186e+00 5.874227383137245795e+00
5.846216532182294756e+00 5.867224670398460518e+00 5.874227383136927827e+00
5.846216532182294756e+00 5.867224670398544895e+00 5.874227383136845226e+00
5.846216532182294756e+00 5.863023042755371783e+00 5.874227383136839897e+00
5.846216532182294756e+00 5.865824127850859604e+00 5.874227383136839897e+00
5.846216532182294756e+00 5.864423585303068620e+00 5.874227383136927827e+00
5.846216532182294756e+00 5.860221957659957681e+00 5.874227383136927827e+00
5.846216532182294756e+00 5.864423585302993125e+00 5.874227383136845226e+00
5.846216532182294756e+00 5.867224670398357489e+00 5.874227383136845226e+00
5.846216532182294756e+00 5.864423585303047304e+00 5.874227383136845226e+00
5.846216532182294756e+00 5.870025755494156172e+00 5.874227383136845226e+00
5.846216532182294756e+00 5.867224670398529796e+00 5.874227383136927827e+00
5.846216532182294756e+00 5.864423585302984243e+00 5.874227383136927827e+00
5.846216532182294756e+00 5.861622500207607445e+00 5.874227383136845226e+00
5.846216532182294756e+00 5.864423585303049080e+00 5.846216532182770820e+00
5.846216532182294756e+00 5.864423585302988684e+00 5.874227383136927827e+00
5.846216532182294756e+00 5.861622500207628761e+00 5.874227383137393232e+00
5.846216532182294756e+00 5.865824127850874703e+00 5.874227383136845226e+00
5.846216532182294756e+00 5.864423585303043751e+00 5.874227383137245795e+00
5.846216532182294756e+00 5.865824127850791214e+00 5.874227383136839897e+00
5.846216532182294756e+00 5.865824127850875591e+00 5.874227383136927827e+00
5.846216532182294756e+00 5.865824127850734371e+00 5.874227383136845226e+00
5.846216532182294756e+00 5.864423585303062403e+00 5.874227383136927827e+00
5.846216532182294756e+00 5.863023042755302505e+00 5.874227383136927827e+00
5.846216532182294756e+00 5.863023042755360237e+00 5.874227383136845226e+00
5.846216532182294756e+00 5.864423585303069508e+00 5.874227383136845226e+00
5.846216532182294756e+00 5.865824127850980396e+00 5.874227383136839897e+00
5.846216532182294756e+00 5.867224670398544895e+00 5.874227383136845226e+00
5.846216532182294756e+00 5.863023042755274972e+00 5.846216532182770820e+00
5.846216532182294756e+00 5.864423585303096154e+00 5.874227383136927827e+00
5.846216532182294756e+00 5.868625212946243508e+00 5.874227383136927827e+00
5.846216532182294756e+00 5.867224670398540454e+00 5.874227383136845226e+00
5.846216532182294756e+00 5.863023042755367342e+00 5.874227383136927827e+00
5.846216532182294756e+00 5.864423585303047304e+00 5.874227383136839897e+00
5.846216532182294756e+00 5.863023042755343361e+00 5.874227383136839897e+00
5.846216532182294756e+00 5.863023042755354908e+00 5.874227383137393232e+00
5.846216532182294756e+00 5.861622500207600339e+00 5.874227383136839897e+00
5.846216532182294756e+00 5.863023042755317604e+00 5.874227383137245795e+00
5.846216532182294756e+00 5.865824127850679304e+00 5.874227383136845226e+00
5.846216532182294756e+00 5.865824127850805425e+00 5.874227383136927827e+00
5.846216532182294756e+00 5.863023042755334480e+00 5.874227383136845226e+00
5.846216532182294756e+00 5.864423585303033981e+00 5.874227383136927827e+00
