2.848720042409078168e+00 3.322340587541816603e+00 3.067850065315847363e+00
2.848720042408059427e+00 3.364519412357279471e+00 3.067850065313888042e+00
3.595515385668829555e+00 4.175046277089151658e+00 3.770417996659055859e+00
2.397137854501618204e+00 2.779378705063737520e+00 2.502753973867849258e+00
1.998980633669168450e+00 2.358340318437053718e+00 2.658802820669960987e+00
3.595515385669439290e+00 3.990130957025113112e+00 3.786204351133061419e+00
4.536405241236630914e+00 4.747372578899892837e+00 4.559199837795014254e+00
3.595515385669439290e+00 4.078089009962861056e+00 3.770417996658155690e+00
2.775189885899655540e+00 3.418574660362741380e+00 3.012116754036413546e+00
2.848720042409024877e+00 3.263026496524762621e+00 3.067850065315847807e+00
3.485029302154950770e+00 3.964529696145324689e+00 3.683918928880380861e+00
2.848720042408073638e+00 3.422198113660800178e+00 3.067850065313947105e+00
2.397137854501618204e+00 2.686009451379724133e+00 2.502753973867848369e+00
2.775189885899290942e+00 3.215150074308082306e+00 3.012116754036347821e+00
2.397137854501462773e+00 2.592640197695506910e+00 3.383638451027620508e+00
2.397137854501462773e+00 2.455226720153432574e+00 2.502753973867426485e+00
2.848720042404424557e+00 3.357804509643442348e+00 3.067850065313824537e+00
2.397137854501462773e+00 2.631403615585349520e+00 3.383638451027620508e+00
2.397137854501462773e+00 2.730053675237718913e+00 3.383638451027443317e+00
2.775189885902970222e+00 3.102423206824270530e+00 3.012116754038458133e+00
2.397137854501462773e+00 2.675447839443260811e+00 3.383638451027592531e+00
2.397137854501462773e+00 2.751176899110742813e+00 3.383638451027443317e+00
2.397137854501462773e+00 2.641965227521722248e+00 2.397137854503104126e+00
2.397137854501462773e+00 2.592640197695659676e+00 2.502753973867427817e+00
2.397137854501462773e+00 2.516911138027992934e+00 3.383638451027443317e+00
2.397137854501462773e+00 2.610280391712379799e+00 3.383638451027443317e+00
2.397137854501462773e+00 2.675447839443400255e+00 2.502753973867426485e+00
2.397137854501462773e+00 2.730053675237880562e+00 3.383638451027592531e+00
2.397137854501462773e+00 2.714211257332968863e+00 2.502753973867426485e+00
2.397137854501462773e+00 2.675447839443294562e+00 2.502753973867614778e+00
2.397137854501462773e+00 2.647246033490171513e+00 3.383638451027620508e+00
2.397137854501462773e+00 2.922072988574629715e+00 2.502753973867426485e+00
2.397137854501462773e+00 2.631403615585276690e+00 2.502753973867614778e+00
2.848720042408073638e+00 3.243959112101475029e+00 3.067850065313947105e+00
3.485029302155163933e+00 3.994229610489673288e+00 3.683918928880865362e+00
4.536405241236630914e+00 4.838039759969057663e+00 4.559199837794972510e+00
2.775189885899713715e+00 3.185108938073491824e+00 3.012116754036477051e+00
2.775189885904094655e+00 3.323373176185187905e+00 3.012116754038525634e+00
4.536405241236630914e+00 4.743953389416374122e+00 5.522858139878561445e+00
3.595515385668818453e+00 3.961071373406694907e+00 3.770417996659089166e+00
4.571024565865903888e+00 4.751151068804984057e+00 5.202318713672969608e+00
4.536405241236630914e+00 4.743953389416337707e+00 4.559199837795014254e+00
2.848720042409078168e+00 3.396110355586167806e+00 3.067850065315847363e+00
2.848720042409078168e+00 3.367434855960144802e+00 3.067850065315847363e+00
2.848720042407092645e+00 3.315284597149223522e+00 3.067850065313896035e+00
3.595515385668736741e+00 3.964345746773692447e+00 3.786204351134436319e+00
2.397137854501462773e+00 2.730053675237863686e+00 2.502753973867427817e+00
2.775189885902970222e+00 3.253974391792817222e+00 3.012116754038458133e+00
2.397137854501462773e+00 2.686009451379817392e+00 3.383638451027592531e+00
2.397137854501462773e+00 2.883309570684754242e+00 2.502753973867426485e+00
2.397137854501462773e+00 2.802299705049088097e+00 2.502753973867426485e+00
2.397137854501462773e+00 2.657807645426528698e+00 3.383638451027443317e+00
2.397137854501462773e+00 2.680728645411401878e+00 2.502753973867426485e+00
2.848720042408073638e+00 3.434260107218328528e+00 3.779709040737927239e+00
2.775189885899713715e+00 3.309312328888636578e+00 3.012116754036477051e+00
2.397137854501462773e+00 2.597921003663890005e+00 2.502753973867614778e+00
2.848720042407975495e+00 3.234536899834882462e+00 3.067850065315739450e+00
2.775189885902970222e+00 3.289243195639690587e+00 3.012116754038458133e+00
2.397137854501462773e+00 2.680728645411570632e+00 2.397137854501462773e+00
2.397137854501462773e+00 2.900949764701413969e+00 2.397137854503104126e+00
2.397137854501462773e+00 2.657807645426372822e+00 2.397137854501462773e+00
2.397137854501462773e+00 2.597921003663969053e+00 2.502753973867426485e+00
2.775189885899655540e+00 3.365812026986996219e+00 3.012116754036413546e+00
4.536405241236630914e+00 4.839179489796924472e+00 4.536405241236649566e+00
2.848720042408059427e+00 3.354686315613013559e+00 3.832819017065144163e+00
2.848720042408073638e+00 3.357754897950642636e+00 3.067850065313947105e+00
4.536405241236630914e+00 4.840319219624741542e+00 4.559199837795014254e+00
2.287033835777432689e+00 2.725396782107250004e+00 2.773406701838820876e+00
3.485029302155100428e+00 3.979379653317892007e+00 3.683918928881869004e+00
2.848720042408059427e+00 3.315375506440832343e+00 3.067850065313888042e+00
3.595515385668829555e+00 4.050267867053344517e+00 3.786204351131121637e+00
2.775189885904094655e+00 3.431984138625975955e+00 3.706285002841895881e+00
2.775189885899713715e+00 3.174193210317753255e+00 3.012116754036477051e+00
2.397137854501462773e+00 2.719492063300873674e+00 2.502753973867426485e+00
3.485029302155163933e+00 3.864669596992021727e+00 3.683918928880865362e+00
2.775189885904094655e+00 3.133006693977041568e+00 3.758151887027860294e+00
2.775189885904094655e+00 3.190377583876590428e+00 3.012116754038525634e+00
2.775189885899655540e+00 3.369914418741918105e+00 3.012116754036413546e+00
2.775189885899655540e+00 3.256699692821579450e+00 3.012116754036413546e+00
2.848720042409024877e+00 3.372689040750662226e+00 3.067850065315847807e+00
4.536405241236630914e+00 4.793276034348392223e+00 4.559199837794972510e+00
2.852218228364528319e+00 3.468924285291245635e+00 3.070437227109683143e+00
2.848720042408059427e+00 3.249799551215649451e+00 3.067850065313888042e+00
2.848720042408059427e+00 3.145507034513984390e+00 3.067850065313888042e+00
3.595515385669439290e+00 3.995187583626628403e+00 3.786204351133061419e+00
2.397137854501462773e+00 2.779378705063926258e+00 2.502753973867426485e+00
2.397137854501462773e+00 2.789940317000572101e+00 2.502753973867614778e+00
2.397137854501462773e+00 2.686009451379870683e+00 3.383638451027592531e+00
2.848720042408080300e+00 3.290798938481798608e+00 3.067850065315742558e+00
2.397137854501462773e+00 2.587359391727266367e+00 3.383638451027620508e+00
2.848720042404424557e+00 3.356100496726022619e+00 3.067850065313824537e+00
2.397137854501462773e+00 2.553876779805547503e+00 2.502753973867614778e+00
2.397137854501462773e+00 2.691290257347847437e+00 3.383638451027443317e+00
2.397137854501462773e+00 2.911511376638046933e+00 2.502753973867427817e+00
2.397137854501462773e+00 2.664886227506739313e+00 2.502753973867426485e+00
