5.390687607788371416e+00 5.492877469340311514e+00 5.390687607788371416e+00
4.102327546987678986e+00 4.252867284783144797e+00 4.355479666359196145e+00
5.390687607788371416e+00 5.452826966556790111e+00 5.390687607788371416e+00
4.102327546985929274e+00 4.266751621390431737e+00 4.331517716500569826e+00
5.146971869598685245e+00 5.195834150735336721e+00 5.185840997258357454e+00
5.390687607788371416e+00 5.471317303286330258e+00 5.791931045876795636e+00
5.390687607788371416e+00 5.453888471641112012e+00 5.791931045876599349e+00
5.390687607785759283e+00 5.434119041004205286e+00 5.791931045876385298e+00
5.390687607788371416e+00 5.534278284223343114e+00 5.390713836132175807e+00
5.390687607788406055e+00 5.534350813831301785e+00 5.390687607788406055e+00
5.390687607788371416e+00 5.492164737069617608e+00 5.791931045876599349e+00
5.390687607785759283e+00 5.511927610621510709e+00 5.390713836133969927e+00
4.102327546985929274e+00 4.207417604896588337e+00 4.331517716500569826e+00
5.390687607788964719e+00 5.531573725773758277e+00 5.390713836133038228e+00
4.102327546987105222e+00 4.242094677961153693e+00 4.331517716501164017e+00
4.102327546988209228e+00 4.265668056473933767e+00 4.331517716500558279e+00
5.390687607788964719e+00 5.432690953627797192e+00 5.390713836133038228e+00
4.102327546987138973e+00 4.261685409980612071e+00 4.331517716499921455e+00
4.102327546988209228e+00 4.274073101455988066e+00 4.331517716500558279e+00
5.390687607786317948e+00 5.474239450560927978e+00 5.390713836133107506e+00
4.102327546987105222e+00 4.261329596055896118e+00 4.331517716499882376e+00
4.102327546987138973e+00 4.218848480229124398e+00 4.331517716499921455e+00
4.102327546987138973e+00 4.267499696276095378e+00 4.331517716499921455e+00
4.102327546987105222e+00 4.247246788803958673e+00 4.331517716501164017e+00
4.102327546988209228e+00 4.264412692692536311e+00 4.331517716500558279e+00
4.102327546988209228e+00 4.259501863198378757e+00 4.331517716500489890e+00
4.102327546987105222e+00 4.252327455799789213e+00 4.331517716499882376e+00
4.102327546987105222e+00 4.249027804011793918e+00 4.331517716499882376e+00
4.102327546987105222e+00 4.220676213085452488e+00 4.331517716499882376e+00
4.102327546988209228e+00 4.255022198421761104e+00 4.331517716500489890e+00
4.102327546987105222e+00 4.257806747423326321e+00 4.331517716501164017e+00
4.102327546988209228e+00 4.233660999834218508e+00 4.331517716500558279e+00
4.102327546987138973e+00 4.241796130324347658e+00 4.331517716499921455e+00
5.390687607785759283e+00 5.474094391345113664e+00 5.390687607785759283e+00
5.390687607788371416e+00 5.492014432184805450e+00 5.791931045876795636e+00
5.390687607788371416e+00 5.512789336360278902e+00 5.791931045876599349e+00
5.390687607785759283e+00 5.454033530857993917e+00 5.390713836133969927e+00
5.390687607788406055e+00 5.472595085777777868e+00 5.390713836130751169e+00
5.390687607785759283e+00 5.533491710927760820e+00 5.390713836133969927e+00
5.390687607788406055e+00 5.511363871818644178e+00 5.791931045876804518e+00
5.390687607788406055e+00 5.433332467707152169e+00 5.791931045876804518e+00
5.146971869594191062e+00 5.182046041677690340e+00 5.146971869594191062e+00
5.390687607785759283e+00 5.591757618652853701e+00 5.791931045876385298e+00
5.390687607788371416e+00 5.532432828677267267e+00 5.390687607788371416e+00
5.390687607788371416e+00 5.556407434749319307e+00 5.390713836132175807e+00
4.102327546988209228e+00 4.265913244767792989e+00 4.355479666360061231e+00
5.390687607788918534e+00 5.473456811516678400e+00 5.791931045876346218e+00
4.102327546988209228e+00 4.288529807136738370e+00 4.331517716500558279e+00
4.102327546988209228e+00 4.289429356992815023e+00 4.331517716500489890e+00
5.390687607786317948e+00 5.474734594007735211e+00 5.390713836133107506e+00
4.102327546987105222e+00 4.296963485263915139e+00 4.331517716499882376e+00
4.102327546988209228e+00 4.212896896520478940e+00 4.331517716500558279e+00
4.102327546987105222e+00 4.252057541306991872e+00 4.331517716501164017e+00
4.102327546988209228e+00 4.282719427786505051e+00 4.331517716500489890e+00
4.102327546988209228e+00 4.265880704678197688e+00 4.331517716500558279e+00
5.390687607785759283e+00 5.532781601491795875e+00 5.390713836133969927e+00
4.102327546985929274e+00 4.233689632978004269e+00 4.312954056495870603e+00
4.102327546988209228e+00 4.257976584924292318e+00 4.331517716500558279e+00
4.102327546987138973e+00 4.231534719341889073e+00 4.331517716501163129e+00
4.102327546987105222e+00 4.275332372183344276e+00 4.312954056496441702e+00
4.102327546987105222e+00 4.222802493578621252e+00 4.331517716501164017e+00
4.102327546988209228e+00 4.241137861815980514e+00 4.331517716500558279e+00
4.102327546988209228e+00 4.224630226434165969e+00 4.331517716500558279e+00
4.102327546987138973e+00 4.251755086724584132e+00 4.331517716501163129e+00
4.102327546987138973e+00 4.299089765757162063e+00 4.331517716501163129e+00
5.390687607788371416e+00 5.493588890194004648e+00 5.390713836130754721e+00
5.390687607788371416e+00 5.452041704678056711e+00 5.791931045876795636e+00
5.390687607785759283e+00 5.492655946265323941e+00 5.390687607785759283e+00
5.390687607785759283e+00 5.494300311048144536e+00 5.390687607785759283e+00
5.390687607788371416e+00 5.514291264761200573e+00 5.791931045876795636e+00
5.146971869594191062e+00 5.180133237689924286e+00 5.185840997257129104e+00
5.390687607785759283e+00 5.552768620953552059e+00 5.791931045876412831e+00
4.102327546985931939e+00 4.189953153370224115e+00 4.331517716498615833e+00
5.390687607788371416e+00 5.632154271414947289e+00 5.791931045876795636e+00
4.102327546985929274e+00 4.263815597418850523e+00 4.312954056496082877e+00
5.390687607788406055e+00 5.492876157923236136e+00 5.390713836132218439e+00
4.102327546988209228e+00 4.252626003435802104e+00 4.331517716500489890e+00
5.390687607788371416e+00 5.532213928436017447e+00 5.791931045876795636e+00
5.390687607785759283e+00 5.511510242452120956e+00 5.390713836133969927e+00
5.390687607785759283e+00 5.452606754899034236e+00 5.390713836133969927e+00
5.390687607788371416e+00 5.472816608853111831e+00 5.390713836130754721e+00
5.390687607788371416e+00 5.512076604089388709e+00 5.390713836132175807e+00
5.390687607788406055e+00 5.532212617019032663e+00 5.390687607788406055e+00
5.390687607788371416e+00 5.472026101305624834e+00 5.791931045876599349e+00
5.146971869594191062e+00 5.183958845665374682e+00 5.185840997257519902e+00
5.390687607785759283e+00 5.573469684103514510e+00 5.390687607785759283e+00
5.390687607785759283e+00 5.472738833576679340e+00 5.390687607785759283e+00
5.390687607788371416e+00 5.473032886260185137e+00 5.791931045876795636e+00
4.102327546988209228e+00 4.243922410816857393e+00 4.331517716500558279e+00
4.102327546987105222e+00 4.215851283023519969e+00 4.331517716501164017e+00
4.102327546987105222e+00 4.259303392553152712e+00 4.331517716499882376e+00
5.390687607788918534e+00 5.513577221073802548e+00 5.390713836132668746e+00
4.102327546987105222e+00 4.284788441992814612e+00 4.331517716501164017e+00
5.390687607788964719e+00 5.453957066998269987e+00 5.390713836133038228e+00
4.102327546987138973e+00 4.284575793788085285e+00 4.331517716499921455e+00
4.102327546988209228e+00 4.282222409503754434e+00 4.331517716500558279e+00
4.102327546987138973e+00 4.246976874311082284e+00 4.331517716499921455e+00
4.102327546988209228e+00 4.253824100928780716e+00 4.331517716500558279e+00
