3.926896085615858567e+00 4.196681466160525176e+00 4.079385731573477614e+00
3.926896085617927135e+00 4.328730144687318315e+00 4.079385731572710228e+00
3.926896085615858567e+00 4.316677812074570575e+00 4.669411773048941505e+00
3.066452913318056250e+00 3.384032992406227347e+00 3.395188746179065298e+00
3.319624517872300284e+00 3.471519297856909159e+00 3.481804772561574168e+00
4.890615334889023558e+00 5.122894049664560079e+00 4.903754327217773046e+00
4.890615334890587640e+00 5.020942146533816874e+00 5.532928941440205861e+00
4.890615334889023558e+00 5.140473351820772585e+00 4.903754327217773046e+00
3.777373881250807308e+00 4.088707354718362552e+00 3.946671197675243548e+00
3.926896085615830145e+00 4.287041851166338624e+00 4.079385731573476725e+00
4.890615334890587640e+00 4.976116135596616807e+00 4.899393699379571920e+00
3.777373881250885912e+00 4.044347122683580764e+00 3.962237014990356521e+00
3.066452913318056250e+00 3.266057736967179714e+00 3.395188746179065298e+00
3.777373881250875698e+00 4.161054184438922832e+00 3.946671197678134568e+00
3.066452913318416851e+00 3.297921742068634643e+00 3.395188746180916262e+00
3.066452913316238149e+00 3.240967870991855015e+00 3.395188746179618189e+00
3.777373881250875698e+00 4.183837896761382957e+00 3.962237014993094775e+00
3.066452913316238149e+00 3.299439797126999530e+00 3.395188746179618189e+00
3.066452913316238149e+00 3.386723774466870562e+00 3.395188746179618189e+00
3.777373881250640775e+00 4.147528843761493000e+00 3.946671197678887744e+00
3.066452913316208395e+00 3.323940748410220802e+00 3.395188746179611528e+00
3.066452913316238149e+00 3.330102174299184981e+00 3.395188746179618189e+00
3.066452913316238149e+00 3.265174220127931903e+00 3.395188746179618189e+00
3.066452913318416851e+00 3.144610445429532053e+00 3.395188746180916262e+00
3.066452913316238149e+00 3.304489671632001802e+00 3.395188746179618189e+00
3.066452913316208395e+00 3.313717500837456420e+00 3.395188746179611528e+00
3.066452913316208395e+00 3.258774831364832814e+00 3.395188746179611528e+00
3.066452913316208395e+00 3.360139651977998021e+00 3.395188746179611528e+00
3.066452913316208395e+00 3.349353246566590947e+00 3.395188746179611528e+00
3.066452913316208395e+00 3.284625296906138914e+00 3.395188746179611528e+00
3.066452913318416851e+00 3.218930248515802894e+00 3.395188746180916262e+00
3.066452913316238149e+00 3.471537339125875032e+00 3.395188746179618189e+00
3.066452913316238149e+00 3.332201478885306045e+00 3.395188746179618189e+00
3.926896085617927135e+00 4.230215087402120488e+00 4.079385731572703122e+00
4.890615334889023558e+00 5.089589651745187737e+00 4.899393699380967249e+00
4.890615334890587640e+00 5.026800227405479049e+00 5.532928941440205861e+00
3.777373881250747800e+00 4.196523634999608454e+00 3.946671197677157128e+00
3.777373881250885912e+00 4.057377261846001559e+00 3.946671197678283338e+00
4.890615334889016452e+00 5.107152189695791655e+00 5.532928941440554027e+00
4.890615334889016452e+00 5.040696420166330682e+00 4.903754327220088527e+00
4.585193914474743337e+00 4.869774354218125545e+00 5.549082258775936083e+00
4.890615334889023558e+00 5.044202396382503117e+00 5.532928941440545145e+00
3.926896085615858567e+00 4.402011367410655573e+00 4.079385731573477614e+00
3.777373881250807308e+00 4.183944138430283566e+00 3.962237014993219564e+00
3.926896085616902621e+00 4.222007852929594129e+00 4.079385731573506924e+00
4.890615334891792898e+00 4.960344457876487922e+00 4.903754327220291032e+00
3.066452913316238149e+00 3.322945330042974543e+00 4.051618048272818129e+00
3.066452913316208395e+00 3.297935901886117627e+00 3.395188746179611528e+00
3.777373881250640775e+00 4.033875171589025754e+00 3.946671197678887744e+00
3.066452913316208395e+00 3.273841454278039187e+00 3.395188746179611528e+00
3.066452913316238149e+00 3.243767991797947392e+00 3.395188746179618189e+00
3.066452913318416851e+00 3.181804767364603492e+00 3.395188746180916262e+00
3.066452913316208395e+00 3.364634033808911795e+00 3.395188746179611528e+00
3.066452913316238149e+00 3.264497202452890434e+00 3.395188746179618189e+00
3.777373881250885912e+00 4.210244280252824822e+00 3.962237014990356521e+00
3.777373881250888132e+00 4.215346792828517763e+00 3.946671197675267528e+00
3.066452913316238149e+00 3.308092871458744977e+00 3.395188746179618189e+00
3.066452913318416851e+00 3.313142745964950286e+00 3.395188746180916262e+00
3.777373881250933874e+00 3.986961574462746682e+00 3.962237014993854611e+00
3.066452913318416851e+00 3.208773278943044538e+00 3.222127259540095157e+00
3.066452913316238149e+00 3.232198374040464728e+00 3.395188746179618189e+00
3.066452913316238149e+00 3.454297468461423826e+00 3.395188746179618189e+00
3.066452913318416851e+00 3.365222948501686240e+00 3.395188746180916262e+00
3.066452913318416851e+00 3.281050416716636331e+00 3.395188746180916262e+00
3.777373881250740251e+00 4.149665739407253362e+00 3.946671197677079412e+00
4.890615334889023558e+00 5.009731414657700554e+00 5.532928941440545145e+00
3.926896085617927135e+00 4.263680320919293720e+00 4.079385731572710228e+00
3.926896085617927135e+00 4.343008763262263372e+00 4.079385731572703122e+00
4.890615334889023558e+00 5.091487270490651085e+00 5.532928941440545145e+00
3.319624517869818270e+00 3.618196790582218547e+00 3.319624517869818270e+00
4.890615334889016452e+00 5.024663298701474545e+00 4.899393699380969913e+00
3.066452913316196849e+00 3.218103370948695474e+00 3.236709976665884447e+00
4.890615334889023558e+00 5.059005902042495784e+00 4.903754327220156028e+00
3.777373881250885912e+00 4.160704167124469777e+00 3.946671197678283338e+00
3.777373881250888132e+00 4.094455230868818241e+00 3.946671197675267528e+00
3.066452913316208395e+00 3.300883909021390394e+00 3.395188746179611528e+00
4.890615334889023558e+00 5.090759090991936020e+00 4.899393699380967249e+00
3.777373881250885912e+00 4.073568599364012499e+00 3.946671197678283338e+00
3.777373881250885912e+00 4.067421332294125946e+00 3.946671197678283338e+00
3.777373881250740251e+00 4.198932714486560691e+00 3.946671197677079412e+00
3.777373881250807308e+00 4.055683914637320697e+00 3.946671197675243548e+00
3.926896085615830145e+00 4.239255892445841667e+00 4.079385731573476725e+00
4.890615334890587640e+00 5.168646993147733681e+00 5.532928941440205861e+00
4.749796341430510438e+00 5.010458018678368930e+00 4.777247707725526205e+00
3.926896085617927135e+00 4.323239396144856528e+00 4.079385731572710228e+00
3.926896085617927135e+00 4.187437614557511623e+00 4.079385731572710228e+00
4.890615334889023558e+00 5.089499657435536228e+00 4.903754327217773046e+00
3.066452913316238149e+00 3.388868702581582681e+00 3.395188746179618189e+00
3.066452913318416851e+00 3.259577910386661781e+00 3.395188746180916262e+00
3.066452913316208395e+00 3.216659259054649223e+00 3.395188746179611528e+00
3.777373881250843723e+00 4.058115370409412392e+00 3.962237014993762685e+00
3.066452913318416851e+00 3.323895124883114782e+00 3.395188746180916262e+00
3.777373881250875698e+00 4.338194528765247249e+00 3.962237014993094775e+00
3.066452913316238149e+00 3.266029417330362783e+00 3.395188746179618189e+00
3.066452913316238149e+00 3.379374590865269479e+00 3.395188746179618189e+00
3.066452913316238149e+00 3.434155214190292238e+00 3.395188746179618189e+00
3.066452913316238149e+00 3.397241334584424344e+00 3.395188746179618189e+00
