0.54545 0.45333 0.39191
0.54545 0.45333 0.39191
0.54545 0.41494 0.39191
0.54545 0.43797 0.39191
0.54545 0.40726 0.54545
0.54545 0.42262 0.39191
0.54545 0.42262 0.39191
0.54545 0.45333 0.39191
0.54545 0.43029 0.39191
0.54545 0.42262 0.39191
0.54545 0.44565 0.39191
0.54545 0.43797 0.39191
0.54545 0.43029 0.39191
0.54545 0.43797 0.39191
0.54545 0.45333 0.39191
0.54545 0.43797 0.39191
0.54545 0.43029 0.39191
0.54545 0.44565 0.39191
0.54545 0.43029 0.39191
0.54545 0.43797 0.39191
0.54545 0.44565 0.39191
0.54545 0.43029 0.39191
0.54545 0.42262 0.39191
0.54545 0.44565 0.39191
0.54545 0.41494 0.39191
0.54545 0.42262 0.39191
0.54545 0.44565 0.39191
0.54545 0.47636 0.39191
0.54545 0.44565 0.39191
0.54545 0.41494 0.39191
0.54545 0.46100 0.39191
0.54545 0.44565 0.39191
0.54545 0.46100 0.39191
0.54545 0.44565 0.39191
0.54545 0.41494 0.39191
0.54545 0.44565 0.39191
0.54545 0.44565 0.39191
0.54545 0.43797 0.39191
0.54545 0.44565 0.39191
0.54545 0.43029 0.39191
0.54545 0.44565 0.39191
0.54545 0.46100 0.54545
0.54545 0.46868 0.39191
0.54545 0.43797 0.39191
0.54545 0.46100 0.39191
0.54545 0.46868 0.39191
0.54545 0.45333 0.39191
0.54545 0.44565 0.39191
0.54545 0.46100 0.39191
0.54545 0.46868 0.39191
0.54545 0.44565 0.39191
0.54545 0.46868 0.39191
0.54545 0.46100 0.39191
0.54545 0.43797 0.39191
0.54545 0.43797 0.39191
0.54545 0.41494 0.39191
0.54545 0.43797 0.39191
0.54545 0.44565 0.39191
0.54545 0.43797 0.39191
0.54545 0.46100 0.39191
0.54545 0.43797 0.39191
0.54545 0.46100 0.39191
0.54545 0.46868 0.39191
0.54545 0.45333 0.39191
0.54545 0.39959 0.39191
0.54545 0.46100 0.39191
0.54545 0.41494 0.39191
0.54545 0.46100 0.39191
0.54545 0.46100 0.39191
0.54545 0.44565 0.39191
0.54545 0.43797 0.54545
0.54545 0.45333 0.39191
0.54545 0.44565 0.39191
0.54545 0.46100 0.39191
0.54545 0.43797 0.39191
0.54545 0.43029 0.39191
0.54545 0.42262 0.39191
0.54545 0.46100 0.39191
0.54545 0.42262 0.39191
0.54545 0.44565 0.39191
0.54545 0.46100 0.39191
0.54545 0.46100 0.39191
0.54545 0.46100 0.39191
0.54545 0.44565 0.39191
0.54545 0.42262 0.54545
0.54545 0.43797 0.39191
0.54545 0.43797 0.39191
0.54545 0.46100 0.39191
0.54545 0.43029 0.39191
0.54545 0.43029 0.39191
0.54545 0.43029 0.39191
0.54545 0.44565 0.39191
0.54545 0.45333 0.39191
0.54545 0.43797 0.39191
0.54545 0.45333 0.39191
0.54545 0.43797 0.39191
0.54545 0.45333 0.39191
0.54545 0.43797 0.39191
