0.57062 0.32743 0.50737
0.77416 0.56063 0.21276
0.57062 0.45741 0.50737
0.77416 0.53988 0.77416
0.42558 0.37337 0.36293
0.57062 0.45500 0.14555
0.57062 0.42039 0.14555
0.57062 0.41410 0.14555
0.57062 0.42821 0.49204
0.57062 0.38892 0.50737
0.57062 0.38733 0.14555
0.57062 0.38347 0.49204
0.77416 0.39816 0.77416
0.57062 0.42429 0.49204
0.77416 0.53983 0.77416
0.77416 0.46151 0.77416
0.57062 0.44084 0.49204
0.77416 0.44938 0.77416
0.77416 0.53138 0.77416
0.57062 0.42031 0.49204
0.77416 0.48118 0.77416
0.77416 0.49603 0.77416
0.77416 0.48856 0.77416
0.77416 0.51662 0.77416
0.77416 0.46780 0.77416
0.77416 0.44444 0.77416
0.77416 0.45295 0.77416
0.77416 0.48866 0.77416
0.77416 0.47636 0.77416
0.77416 0.47034 0.77416
0.77416 0.51439 0.77416
0.77416 0.56301 0.77416
0.77416 0.45192 0.77416
0.57062 0.46911 0.50737
0.57062 0.44400 0.14555
0.57062 0.42117 0.14555
0.57062 0.38417 0.49204
0.57062 0.40618 0.49204
0.57062 0.44084 0.49204
0.57062 0.42667 0.14555
0.57062 0.43924 0.14555
0.42558 0.38277 0.42558
0.57062 0.44400 0.14555
0.57062 0.36679 0.50737
0.57062 0.44314 0.49204
0.77416 0.42130 0.21276
0.57062 0.40074 0.14555
0.77416 0.51673 0.77416
0.77416 0.50194 0.77416
0.57062 0.44394 0.49204
0.77416 0.50688 0.77416
0.77416 0.44829 0.77416
0.77416 0.45451 0.77416
0.77416 0.39946 0.77416
0.77416 0.47647 0.77416
0.57062 0.39360 0.49204
0.77416 0.43979 0.23655
0.77416 0.43463 0.77416
0.77416 0.38240 0.77416
0.77416 0.45571 0.23655
0.77416 0.51061 0.77416
0.77416 0.50194 0.77416
0.77416 0.57396 0.77416
0.77416 0.53977 0.77416
0.77416 0.37486 0.77416
0.57062 0.44249 0.49204
0.57062 0.42039 0.14555
0.57062 0.42040 0.50737
0.57062 0.44642 0.50737
0.57062 0.45808 0.14555
0.42558 0.36606 0.36293
0.57062 0.43610 0.14555
0.77416 0.53749 0.77416
0.57062 0.45175 0.14555
0.77416 0.53494 0.23655
0.57062 0.44002 0.49204
0.77416 0.43724 0.77416
0.57062 0.46291 0.14555
0.57062 0.51648 0.49204
0.57062 0.45982 0.49204
0.57062 0.42269 0.49204
0.57062 0.44952 0.49204
0.57062 0.45035 0.50737
0.57062 0.44014 0.14555
0.42558 0.36501 0.36293
0.57062 0.44629 0.50737
0.57062 0.42040 0.50737
0.57062 0.44952 0.14555
0.77416 0.55700 0.77416
0.77416 0.48730 0.77416
0.77416 0.58990 0.77416
0.57062 0.46127 0.49204
0.77416 0.40537 0.77416
0.57062 0.44479 0.49204
0.77416 0.45669 0.77416
0.77416 0.46888 0.77416
0.77416 0.53365 0.77416
0.77416 0.54350 0.77416
