0.99867 0.45631 0.76907
0.99867 0.51570 0.76907
0.99824 0.62991 0.74275
0.99879 0.51963 0.31103
0.99873 0.47870 0.95710
0.75282 0.43898 0.75282
0.59139 0.47522 0.59139
0.75282 0.39497 0.74275
0.99865 0.40517 0.77962
0.99867 0.43889 0.76907
0.75893 0.47202 0.75893
0.99863 0.38643 0.76907
0.99879 0.47565 0.31103
0.99865 0.60562 0.77962
0.99879 0.52131 0.99879
0.99879 0.55401 0.31103
0.99863 0.60954 0.76907
0.99879 0.58445 0.99879
0.99879 0.55006 0.99879
0.99865 0.45978 0.77962
0.99879 0.44127 0.99879
0.99879 0.53089 0.99879
0.99879 0.55006 0.50272
0.99879 0.55965 0.31103
0.99879 0.43732 0.99879
0.99879 0.55006 0.99879
0.99879 0.48692 0.31103
0.99879 0.58445 0.99879
0.99879 0.60530 0.31103
0.99879 0.55965 0.31103
0.99879 0.60757 0.99879
0.99879 0.61320 0.31103
0.99879 0.54048 0.31103
0.99867 0.40519 0.76907
0.75893 0.44806 0.75893
0.59139 0.46832 0.59139
0.99865 0.60576 0.77962
0.99865 0.42675 0.77962
0.59139 0.38667 0.00107
0.75282 0.28969 0.74275
0.57453 0.28701 0.06742
0.59139 0.46832 0.59139
0.99867 0.30647 0.76907
0.99863 0.51520 0.76907
0.99867 0.35231 0.76907
0.75282 0.31984 0.75282
0.99879 0.43168 0.31103
0.99865 0.50734 0.77962
0.99879 0.67803 0.99879
0.99879 0.53089 0.31103
0.99879 0.58445 0.31103
0.99879 0.51568 0.99879
0.99879 0.56528 0.31103
0.99863 0.45822 0.00808
0.99865 0.39618 0.77962
0.99879 0.59009 0.31103
0.99863 0.56589 0.76907
0.99865 0.40614 0.77962
0.99879 0.51568 0.50272
0.99879 0.53089 0.50272
0.99879 0.58445 0.50272
0.99879 0.56133 0.31103
0.99865 0.43575 0.77962
0.59139 0.53080 0.52234
0.99867 0.42539 0.99867
0.99867 0.56654 0.76907
0.59139 0.45261 0.59139
0.99724 0.29352 0.89161
0.75893 0.45290 0.75893
0.99867 0.55521 0.76907
0.75282 0.40655 0.75282
0.99865 0.53661 0.00792
0.99865 0.54527 0.77962
0.99879 0.47565 0.31103
0.75893 0.32525 0.75893
0.99865 0.46369 0.99865
0.99865 0.49375 0.77962
0.99865 0.42414 0.77962
0.99865 0.39309 0.77962
0.99867 0.47293 0.76907
0.59139 0.41964 0.59139
0.89608 0.32443 0.77297
0.99867 0.39841 0.76907
0.99867 0.44192 0.76907
0.75282 0.42896 0.75282
0.99879 0.48129 0.31103
0.99879 0.61884 0.31103
0.99879 0.47170 0.99879
0.99863 0.45676 0.76907
0.99879 0.49087 0.99879
0.99863 0.43828 0.76907
0.99879 0.52526 0.31103
0.99879 0.58840 0.99879
0.99879 0.55570 0.31103
0.99879 0.45253 0.31103
