0.72614 0.39803 0.72614
0.99803 0.57936 0.72614
0.72614 0.36419 0.04323
0.99871 0.47062 0.82426
0.89300 0.52538 0.78762
0.56813 0.46669 0.56813
0.56813 0.33015 0.06773
0.56813 0.35998 0.56813
0.74876 0.55930 0.73864
0.72614 0.37270 0.72614
0.56813 0.41748 0.55602
0.74876 0.50529 0.74876
0.99871 0.44317 0.82426
0.74876 0.40031 0.73864
0.99871 0.51776 0.82426
0.99871 0.51382 0.82426
0.74876 0.47988 0.74876
0.99871 0.61568 0.82426
0.99871 0.53578 0.82426
0.74876 0.46594 0.73864
0.99871 0.50336 0.82426
0.99871 0.53145 0.82426
0.99871 0.46022 0.82426
0.99871 0.49693 0.82426
0.99871 0.61200 0.82426
0.99871 0.56016 0.82426
0.99871 0.57016 0.82426
0.99871 0.57794 0.82426
0.99871 0.51594 0.82426
0.99871 0.50571 0.82426
0.99871 0.57552 0.82426
0.99871 0.62304 0.82426
0.99871 0.45434 0.82426
0.72614 0.49696 0.72614
0.56813 0.39517 0.55602
0.56813 0.44597 0.06773
0.74876 0.39755 0.73864
0.74876 0.49140 0.73864
0.56813 0.46412 0.06773
0.56813 0.44337 0.56813
0.57437 0.27036 0.00232
0.56813 0.34244 0.06773
0.72614 0.42858 0.72614
0.74876 0.33901 0.74876
0.99803 0.52775 0.72614
0.56813 0.46902 0.56813
0.99871 0.51045 0.99871
0.99871 0.54201 0.82426
0.74876 0.39499 0.73864
0.99871 0.53614 0.82426
0.99871 0.46489 0.82426
0.99871 0.64973 0.82426
0.99871 0.53812 0.82426
0.99871 0.61287 0.82426
0.74876 0.47904 0.74876
0.99797 0.48346 0.73864
0.99871 0.51543 0.82426
0.99871 0.51012 0.82426
0.99797 0.55079 0.74876
0.99871 0.38493 0.27158
0.99871 0.49016 0.82426
0.99871 0.54945 0.82426
0.99871 0.55907 0.82426
0.99871 0.66418 0.82426
0.74876 0.26158 0.73864
0.56813 0.44676 0.06773
0.72614 0.47544 0.72614
0.72614 0.53782 0.72614
0.56813 0.45926 0.06773
0.89300 0.40443 0.32355
0.56813 0.46339 0.55602
0.99871 0.50916 0.26159
0.56813 0.47829 0.56813
0.99797 0.66930 0.73864
0.74876 0.42328 0.73864
0.99871 0.62450 0.82426
0.56813 0.40357 0.55602
0.74876 0.48206 0.73864
0.74876 0.34520 0.73864
0.74876 0.34326 0.73864
0.74876 0.46976 0.73864
0.72614 0.26787 0.72614
0.56813 0.44686 0.06773
0.49008 0.32865 0.40227
0.72614 0.45442 0.72614
0.72614 0.37300 0.72614
0.56813 0.40008 0.56813
0.99871 0.46308 0.82426
0.99871 0.49456 0.82426
0.99871 0.54059 0.82426
0.74876 0.29984 0.74876
0.99871 0.62550 0.82426
0.74876 0.55125 0.74876
0.99871 0.54304 0.82426
0.99871 0.57066 0.82426
0.99871 0.45199 0.82426
0.99871 0.40336 0.82426
