3.542772035059549296e+00 4.083461421762171639e+00 3.665868896961659740e+00
2.703576321291436546e+00 2.973349015925214722e+00 2.911340960181657334e+00
4.545295856344910845e+00 4.829661996099035015e+00 5.571927636556688768e+00
3.855657855538269896e+00 4.218057729504507414e+00 3.855657855538269896e+00
3.121905232726787549e+00 3.450181863401030391e+00 4.249994538211764983e+00
3.855657855538269896e+00 4.352510731408417044e+00 4.905547115127348867e+00
3.855657855537950596e+00 4.245879184858227795e+00 4.022954018941166332e+00
3.626574845903730804e+00 4.085518888206136623e+00 4.616459606729025111e+00
4.538197045455045320e+00 4.959153198272249874e+00 5.573749613489014543e+00
3.852828515704834977e+00 4.258236430194703992e+00 4.895370633058246490e+00
2.352585038706670240e+00 2.759832804113063087e+00 2.974710862774334164e+00
2.352585038705549803e+00 2.673825088071986933e+00 2.590233554783671455e+00
4.822631286828396924e+00 5.124645923967444894e+00 5.463525196026406405e+00
3.441822276418537552e+00 3.795631858699368699e+00 4.481560024086169491e+00
4.698180384137310206e+00 5.174940489299978630e+00 4.977227847298550500e+00
2.703576321291493390e+00 2.964728203042574783e+00 2.911340960181930004e+00
3.052368099340151630e+00 3.337169510087110158e+00 3.380580927036949568e+00
2.703576321291493390e+00 2.905158693137733117e+00 2.911340960181930004e+00
2.703576321291436546e+00 3.018939714045025813e+00 3.702257237384113164e+00
2.275429876844599519e+00 2.825708921773281368e+00 2.900089619633778870e+00
2.275429876844599519e+00 2.701353693850146342e+00 2.900089619633778870e+00
3.626574845903048683e+00 4.243379985422959244e+00 4.437108572996953271e+00
2.352585038705549803e+00 2.708965868107017450e+00 2.974710862774051279e+00
2.872153541269127697e+00 3.326692276179984642e+00 2.958507205286805331e+00
4.737740273910103106e+00 5.012368718762827413e+00 5.441858988708599298e+00
3.855657855538269896e+00 4.203557432199374944e+00 3.855657855538269896e+00
3.518276932346230179e+00 3.892574423161781372e+00 3.691817794196529334e+00
3.121905232726718715e+00 3.520943315778600091e+00 4.242050433120032160e+00
4.822631286829861530e+00 5.135076752780888043e+00 5.463525196022840369e+00
3.855657855537950596e+00 4.337234216309655110e+00 3.855657855537950596e+00
