5.735470395548394329e+00 5.811980372805307660e+00 5.974584251828394699e+00
5.735470395548394329e+00 5.835663028549497255e+00 5.835918162586536617e+00
5.735470395548394329e+00 5.832077551852631103e+00 5.835918162587112157e+00
5.735470395548394329e+00 5.811276467007858493e+00 5.735470395549198130e+00
5.735470395548394329e+00 5.829206193408859704e+00 5.759432220849488360e+00
5.735470395548394329e+00 5.841874711068070880e+00 5.974584251828291670e+00
5.735470395548394329e+00 5.847858835161608759e+00 5.735470395548394329e+00
5.735470395548394329e+00 5.804571892429682300e+00 5.974584251828394699e+00
5.735470395548394329e+00 5.811019930471891470e+00 5.974584251828291670e+00
5.735470395548394329e+00 5.775884564479595973e+00 5.835918162587112157e+00
5.735470395548394329e+00 5.840202615348006887e+00 5.974584251828291670e+00
5.735470395548394329e+00 5.831355929909184610e+00 5.974584251828394699e+00
5.735470395548394329e+00 5.820113061940455523e+00 5.974584251828291670e+00
5.735470395548394329e+00 5.835663028549534559e+00 5.778465125553982951e+00
5.735470395548394329e+00 5.832551556307810969e+00 5.974584251828394699e+00
5.735470395548394329e+00 5.827285186792730443e+00 5.835918162587112157e+00
5.735470395548394329e+00 5.812713378663137753e+00 5.778465125553982951e+00
5.735470395548394329e+00 5.867938298062735036e+00 5.835918162587112157e+00
5.735470395548394329e+00 5.814624294773148350e+00 5.735470395548394329e+00
5.735470395548394329e+00 5.844986183309781147e+00 5.835918162586536617e+00
5.735470395548394329e+00 5.808403815156321315e+00 5.974584251828291670e+00
5.735470395548394329e+00 5.812477023139408061e+00 5.735470395549198130e+00
5.735470395548394329e+00 5.844034538074607710e+00 5.735470395549198130e+00
5.735470395548394329e+00 5.888735746582650421e+00 5.974584251828394699e+00
5.735470395548394329e+00 5.857664791475355237e+00 5.835918162587112157e+00
5.735470395548394329e+00 5.871760130283186108e+00 5.974584251828291670e+00
5.735470395548394329e+00 5.810553551656605364e+00 5.835918162587112157e+00
5.735470395548394329e+00 5.801945686607818509e+00 5.835918162586536617e+00
5.735470395548394329e+00 5.807196804843522742e+00 5.974584251828394699e+00
5.735470395548394329e+00 5.793575470490614165e+00 5.735470395548394329e+00
5.735470395548394329e+00 5.779937591450333478e+00 5.735470395548394329e+00
