3.533757773457181894e+00 3.816724617070351933e+00 3.965091047306251504e+00
3.824885292750495491e+00 3.964334148378027667e+00 4.155180075779846938e+00
5.363858625756127374e+00 5.510240761002479282e+00 5.457371944090686711e+00
3.937263171949745733e+00 4.127702856017814170e+00 4.226313094158736128e+00
5.016838086052994861e+00 5.124760380998854004e+00 5.057262922937126426e+00
5.361488841386101711e+00 5.511684609824034631e+00 5.361488841386101711e+00
3.937263171952397833e+00 4.093437178517791430e+00 4.226313094161334050e+00
3.533757773457181894e+00 3.861457376279321174e+00 3.533757773457181894e+00
5.361488841386101711e+00 5.549886964636401743e+00 5.458902069077721464e+00
3.824885292747740362e+00 4.004639557305304187e+00 4.110829906546274337e+00
3.533757773459653695e+00 3.895077106799176736e+00 4.043237021929609654e+00
3.533757773457181894e+00 3.886894244406463805e+00 4.043237021928760555e+00
5.361488841386101711e+00 5.516746627459015784e+00 5.745772439050775837e+00
5.078575046868301968e+00 5.221316985128316546e+00 5.171480640462568168e+00
5.361488841389684623e+00 5.566240314678720935e+00 5.418705438168101018e+00
3.824885292747740362e+00 4.010159384726457610e+00 4.155180075778822868e+00
5.078575046868301968e+00 5.194687679807964642e+00 5.244366698298897234e+00
3.824885292747740362e+00 4.043975699940885349e+00 4.155180075778822868e+00
3.937263171952397833e+00 4.141048928363906256e+00 4.272571254291185561e+00
3.824885292750495491e+00 4.011736656274194068e+00 3.973247002498077496e+00
3.533757773459653695e+00 3.852720369873609663e+00 4.036886484173385803e+00
5.287895283020741743e+00 5.632648607807362318e+00 5.417607369786040294e+00
3.937263171949745733e+00 4.115220867294262064e+00 4.100513630533769494e+00
3.533757773457181894e+00 3.825411292189902834e+00 3.720139100845619495e+00
5.363858625756127374e+00 5.513431752869633939e+00 5.889407561033107363e+00
5.361488841386101711e+00 5.548313033529471028e+00 5.361488841386101711e+00
5.363858625756127374e+00 5.557361445498708363e+00 5.582430450107983333e+00
3.824885292750495491e+00 3.944043811033134173e+00 3.824885292750495491e+00
5.361488841389684623e+00 5.593346756777241247e+00 5.745772439046504587e+00
3.937263171952397833e+00 4.125319195700823727e+00 4.226313094161334050e+00
