2.107769885985742775e+00 2.705167696008053735e+00 2.384285489062929475e+00
1.673704291206462136e+00 2.022580402335818928e+00 1.763699594741161336e+00
4.538048109380099504e+00 5.011685791194552486e+00 4.633115545799622481e+00
3.336517405795268232e+00 3.643470390663476000e+00 4.278107127107949381e+00
3.112087956630440910e+00 3.482846740828998922e+00 4.233402845254393476e+00
3.851310197663809998e+00 4.289552228529471378e+00 4.018393571713940737e+00
2.503480130697666173e+00 3.012672187690305314e+00 2.553250300257730032e+00
3.606992927752948663e+00 4.085580023383226234e+00 4.424536484012176807e+00
4.528860072705265694e+00 4.943136335535650794e+00 5.562878452414643071e+00
3.838304778879938262e+00 4.304881844165474369e+00 4.889283652751742260e+00
1.673704291206462136e+00 2.118956532601481424e+00 1.809530503541876501e+00
2.296310490915730806e+00 2.893513465330711298e+00 2.296310490915730806e+00
4.346650925295933554e+00 4.611747721673046030e+00 5.394083817720586538e+00
3.432751945949663153e+00 3.838859526038076009e+00 4.462999015576927242e+00
4.052773137117665847e+00 4.677994190399525465e+00 5.036828782142901417e+00
1.673704291206636219e+00 1.977328902400375510e+00 2.740692505014403757e+00
2.261039107988231489e+00 2.721547134808283808e+00 3.239152265256704410e+00
1.673704291206636219e+00 1.981473502076626758e+00 2.740692505014403757e+00
2.699374850787006341e+00 2.849109481013501810e+00 3.698054903705928265e+00
1.673704291206462136e+00 2.129935144162550920e+00 1.673704291206462136e+00
1.673704291206462136e+00 2.113761907104557469e+00 1.763699594741161336e+00
3.389491569079681632e+00 4.136175219027235173e+00 4.382267191658518080e+00
1.673704291206636219e+00 2.215251208113527603e+00 2.740752612353917428e+00
2.618876097986198914e+00 2.934429332833979664e+00 2.818930743814282991e+00
4.346650925298008339e+00 4.613752487442916994e+00 4.409055425303838760e+00
3.336517405795268232e+00 3.663875688582729939e+00 4.284825012257893917e+00
2.296116463677027042e+00 2.713512196502652518e+00 2.296116463677027042e+00
3.101263779022870537e+00 3.575481475223814876e+00 3.333984591602938696e+00
4.346650925298008339e+00 4.595995232190739799e+00 4.409028309398485668e+00
