3.635769975468759352e+00 3.938050364167497097e+00 4.108352737506072216e+00
3.918504768724097698e+00 4.070637211927093269e+00 4.263711025826993684e+00
5.537145977507264227e+00 5.688411687143496209e+00 5.639173023955950548e+00
4.029722314138362904e+00 4.236979708783290555e+00 4.338622617972341722e+00
5.185025206283917498e+00 5.295546420899029272e+00 5.226510805916054991e+00
5.522507741102320011e+00 5.673784513680507402e+00 5.522507741102320011e+00
4.029722314137961447e+00 4.199140699001217669e+00 4.338622617972344386e+00
3.635769975468759352e+00 3.980852010672793817e+00 3.635769975468759352e+00
5.522507741102320011e+00 5.711773981281426771e+00 5.623088373870358758e+00
3.918504768724097254e+00 4.113876143618306003e+00 4.223585564597551745e+00
3.635769975468619020e+00 4.020069855364978295e+00 4.169152874820410304e+00
3.635769975468759352e+00 4.012085513779874546e+00 4.169152874820618138e+00
5.522507741102320011e+00 5.678499991230248511e+00 5.908288883972836913e+00
5.228533218587472220e+00 5.374937398945603739e+00 5.324766807662162371e+00
5.522507741102321788e+00 5.728224928169247221e+00 5.579269946218504472e+00
3.918504768724097254e+00 4.120569341290797993e+00 4.263711025827228163e+00
5.228533218587472220e+00 5.347683011829565736e+00 5.397778743830424553e+00
3.918504768724097254e+00 4.154341377763730137e+00 4.263711025827228163e+00
4.029722314137961447e+00 4.248763066879646111e+00 4.379854601259350666e+00
3.918504768724097698e+00 4.120088087055167492e+00 4.080684151114497560e+00
3.635769975468619020e+00 3.978877997979062719e+00 4.162683240141561214e+00
5.464337981671267386e+00 5.811027258469311896e+00 5.597437658657042014e+00
4.029722314138362904e+00 4.220938229258121233e+00 4.206959329552135252e+00
3.635769975468759352e+00 3.948173445601091291e+00 3.840299985435373653e+00
5.537145977507264227e+00 5.692362748255982652e+00 6.067639940779918639e+00
5.522507741102320011e+00 5.709856035686684095e+00 5.522507741102320011e+00
5.537145977507264227e+00 5.736013583127524740e+00 5.759832516433800897e+00
3.918504768724097698e+00 4.050403258496164227e+00 3.918504768724097698e+00
5.522507741102321788e+00 5.754745300228825577e+00 5.908288883972834249e+00
4.029722314137961447e+00 4.232851292750596350e+00 4.338622617972344386e+00
