5.881062033216661433e+00 5.961063859745594939e+00 6.127219617027346743e+00
5.881062033216661433e+00 5.985122383161837867e+00 5.986620279927085342e+00
5.881062033216661433e+00 5.981687250755634011e+00 5.986620279927081789e+00
5.881062033216661433e+00 5.959832207230095769e+00 5.881062033216661433e+00
5.881062033216661433e+00 5.978538155181944092e+00 5.905808813447068317e+00
5.881062033216661433e+00 5.991360749880547232e+00 6.127219617027836129e+00
5.881062033216661433e+00 5.997807024594759007e+00 5.881062033216664986e+00
5.881062033216661433e+00 5.953359475339981444e+00 6.127219617027346743e+00
5.881062033216661433e+00 5.959666818691495394e+00 6.127219617027836129e+00
5.881062033216661433e+00 5.923582987209117690e+00 5.986620279927081789e+00
5.881062033216661433e+00 5.990214136278828150e+00 6.127219617027836129e+00
5.881062033216661433e+00 5.980895650619330262e+00 6.127219617027346743e+00
5.881062033216661433e+00 5.969102486936718854e+00 6.127219617027836129e+00
5.881062033216661433e+00 5.985122383161838755e+00 5.928211941962925557e+00
5.881062033216661433e+00 5.981596525345834081e+00 6.127219617027346743e+00
5.881062033216661433e+00 5.976737894709552634e+00 5.986620279927081789e+00
5.881062033216661433e+00 5.961674987159412353e+00 5.928211941962925557e+00
5.881062033216661433e+00 6.018870467983970407e+00 5.986620279927081789e+00
5.881062033216661433e+00 5.963427041678905027e+00 5.881062033216664986e+00
5.881062033216661433e+00 5.994886607696576775e+00 5.986620279927085342e+00
5.881062033216661433e+00 5.956911790331935741e+00 6.127219617027836129e+00
5.881062033216661433e+00 5.961606010526606880e+00 5.881062033216661433e+00
5.881062033216661433e+00 5.993766451270735374e+00 5.881062033216661433e+00
5.881062033216661433e+00 6.039423904264017651e+00 6.127219617027346743e+00
5.881062033216661433e+00 6.007757408347955241e+00 5.986620279927081789e+00
5.881062033216661433e+00 6.022374577022905129e+00 6.127219617027836129e+00
5.881062033216661433e+00 5.959269285769225100e+00 5.986620279927081789e+00
5.881062033216661433e+00 5.950556241027523896e+00 5.986620279927085342e+00
5.881062033216661433e+00 5.956391388327944014e+00 6.127219617027346743e+00
5.881062033216661433e+00 5.941683494243146235e+00 5.881062033216664986e+00
5.881062033216661433e+00 5.928180795498017908e+00 5.881062033216664986e+00
