3.733582389224540332e+00 4.282499483334943235e+00 3.866033464467423020e+00
2.783041199401078636e+00 3.059690965661745476e+00 2.998457720746833477e+00
4.706170954923510230e+00 4.984839070513144677e+00 5.726592277066313130e+00
3.981567272301314464e+00 4.366928825944187409e+00 3.981567272301314464e+00
3.288538135623793490e+00 3.640206189020274596e+00 4.441622694200820121e+00
3.981567272301314464e+00 4.503750989169132524e+00 5.057290751787435923e+00
3.981567272302107607e+00 4.394535342171209003e+00 4.173915776083119589e+00
3.809652401905074370e+00 4.277713749566347090e+00 4.808388004184163123e+00
4.699240161217306699e+00 5.112456203191117154e+00 5.728370036213219940e+00
3.978740623066681970e+00 4.407942045101010287e+00 5.047104952053869553e+00
2.435906848275203096e+00 2.859619967306010313e+00 3.078291689674222287e+00
2.435906848275202652e+00 2.773099632559743011e+00 2.698274485688736402e+00
4.993940568839158267e+00 5.297904988812774718e+00 5.636418121130136960e+00
3.607404859645599871e+00 3.981554605672345648e+00 4.669989001361712688e+00
4.878015927012697261e+00 5.350793409951171142e+00 5.159140365864989697e+00
2.783041199400800192e+00 3.055077229363599933e+00 2.998457720746830368e+00
3.186749164172290705e+00 3.478825048403189069e+00 3.524286318044848265e+00
2.783041199400800192e+00 2.993652298149053426e+00 2.998457720746830368e+00
2.783041199401078636e+00 3.105263896278226188e+00 3.789372844893478920e+00
2.359120693837350125e+00 2.929516284995347775e+00 3.004546070020729154e+00
2.359120693837350125e+00 2.801472897936796436e+00 3.004546070020729154e+00
3.809652401904930485e+00 4.438055429157134135e+00 4.630995213159724955e+00
2.435906848275202652e+00 2.808700818727533299e+00 3.078291689674219622e+00
3.008485364934852857e+00 3.481332007392567540e+00 3.104967233265952142e+00
4.914807504635704483e+00 5.191422542961346309e+00 5.619750707865613037e+00
3.981567272301314464e+00 4.351257396772401975e+00 3.981567272301314464e+00
3.709320050462958207e+00 4.090741766921817124e+00 3.891230277070846011e+00
3.288538135623790826e+00 3.712059074686372639e+00 4.433671992284649477e+00
4.993940568839161820e+00 5.309021859278566957e+00 5.636418121130139625e+00
3.981567272302107607e+00 4.486534720915093644e+00 3.981567272302107607e+00
