2.264033268654412012e+00 2.878695396353161406e+00 2.563496313870701648e+00
1.745415793170300933e+00 2.104785555884049142e+00 1.843432006177875726e+00
4.698915029651721476e+00 5.166699836899907083e+00 4.769763831247348485e+00
3.597881400737224844e+00 3.905850846186065262e+00 4.539570929023005519e+00
3.278773209819555667e+00 3.673007487499481805e+00 4.425175732692411934e+00
3.977267758010317955e+00 4.439594432172068394e+00 4.169418854815138076e+00
2.622746506245159370e+00 3.146953215164017603e+00 2.690048961081481060e+00
3.790078717302046929e+00 4.277187000333227296e+00 4.618537057275910129e+00
4.689936496259302423e+00 5.095049545750978126e+00 5.717494992859557534e+00
3.964103770157878515e+00 4.453102545329700845e+00 5.041000751411078618e+00
1.745415793170300933e+00 2.202910608810919157e+00 1.902269122355165765e+00
2.446952593186443092e+00 3.063062093379342876e+00 2.446952593186443092e+00
4.520987716426749792e+00 4.787045637241446272e+00 5.569511009198291340e+00
3.598386598681488469e+00 4.022563537441884662e+00 4.651594887725433836e+00
4.203381230768751031e+00 4.823199853006827631e+00 5.184081248839517819e+00
1.745415793170300045e+00 2.063081710604308228e+00 2.825343651310911142e+00
2.384494683177882379e+00 2.848929983871779648e+00 3.368807146413713927e+00
1.745415793170300045e+00 2.066227652021445316e+00 2.825343651310911142e+00
2.778813138303667163e+00 2.936153085798715257e+00 3.785144664416968840e+00
1.745415793170300933e+00 2.214305039855953616e+00 1.745415793170300933e+00
1.745415793170300933e+00 2.198575821689928489e+00 1.843432006177875726e+00
3.575489035710340158e+00 4.332707831890784789e+00 4.577467554765396685e+00
1.745415793170300045e+00 2.298658740246790178e+00 2.825403829991212756e+00
2.874898244238925926e+00 3.193149413914882384e+00 3.079838220491030398e+00
4.520987716426786207e+00 4.789191312896926789e+00 4.585482830376991892e+00
3.597881400737224844e+00 3.925139826400912746e+00 4.546216692130719217e+00
2.446760403936356187e+00 2.880740944800565639e+00 2.446760403936356187e+00
3.267774670809270088e+00 3.766645899971498235e+00 3.525631120455239742e+00
4.520987716426786207e+00 4.771259731471468868e+00 4.585455899045751238e+00
