6.415000322853260384e-01 8.182898362607460285e-01 9.171010760089602920e-01
1.010614529052265231e+00 1.401009357829694935e+00 1.350794158003502998e+00
1.885676943758351598e+00 2.369955961781090803e+00 1.885676943758351598e+00
1.429228066569374622e+00 1.676096498285978287e+00 1.912177322756036357e+00
1.498055628572822817e+00 1.799219827662924542e+00 2.312970244879045012e+00
9.166474529501293933e-01 1.174305065833051165e+00 1.187723393820770745e+00
6.950768298517111532e-01 9.205542044559450465e-01 9.696098242771921116e-01
9.123457187992015660e-01 1.101871728757988222e+00 9.123457187992015660e-01
1.885676943758351820e+00 2.282857701673672857e+00 2.743096340815087242e+00
9.123457187992015660e-01 1.132690157609711701e+00 1.311493049397283617e+00
1.010614529052265231e+00 1.421095437760172109e+00 1.010614529052265231e+00
6.950768298517120414e-01 9.347646702863956492e-01 7.257521281096421806e-01
1.379206165420871599e+00 1.531352213857402722e+00 1.936918749296650644e+00
1.498055628572822817e+00 1.877645865896345523e+00 2.312970244879045456e+00
2.186912100481681609e+00 2.689085113124287663e+00 2.895346905975368923e+00
1.010614529052265231e+00 1.271903447731523640e+00 1.891834586259509177e+00
1.357526344878950741e+00 1.842953706128296121e+00 2.248087145869734016e+00
1.010614529052265231e+00 1.271903447731523418e+00 1.891834586259509177e+00
1.072501340216270416e+00 1.372004325741069675e+00 1.899213924691640631e+00
1.010614529052265231e+00 1.438104419207733908e+00 1.010614529052265231e+00
1.010614529052265231e+00 1.370068493417486488e+00 1.350794158003502998e+00
1.429228066569374622e+00 1.809769442252300520e+00 1.912177322756036357e+00
1.010614529052265231e+00 1.475199480585772438e+00 1.891834586259509177e+00
1.184008725165591525e+00 1.473557485461118421e+00 1.514968879722182304e+00
1.379206165420871599e+00 1.521201330942058894e+00 1.379206165420871821e+00
1.429228066569374622e+00 1.637422776942988545e+00 1.915264392279325323e+00
6.950768298517112642e-01 8.904119673143544578e-01 7.257521281096420696e-01
1.485531431100142408e+00 1.952272653935067215e+00 1.707079876686010245e+00
1.379206165420871599e+00 1.488240260290598194e+00 1.379206165420871599e+00
