8.478236606197037117e-01 1.008269354732078238e+00 1.094499702988760426e+00
1.072890503191711753e+00 1.464390856438710475e+00 1.720025523609956419e+00
1.893295491348603754e+00 2.237986530146856001e+00 2.746687793298455915e+00
9.198152710680584931e-01 1.131767718416257784e+00 9.198152710680584931e-01
1.501044065771318659e+00 1.788136971370990480e+00 2.323111312722522914e+00
9.198152710680584931e-01 1.197592636440585334e+00 1.318438972662678177e+00
9.198152710680588262e-01 1.117929372588080783e+00 1.191028581846043544e+00
9.198152710680588262e-01 1.111263864888038855e+00 1.315597174200972663e+00
1.893295491348603532e+00 2.296415402576725384e+00 2.746687793298455915e+00
9.198152710680589372e-01 1.138588762355341899e+00 1.315597174200972663e+00
1.072890503191711753e+00 1.427016385593543157e+00 1.720025523609956419e+00
1.072890503191711309e+00 1.374283100386806122e+00 1.094795249238641022e+00
1.609321272073311437e+00 1.757799465208131462e+00 1.953329813351047273e+00
1.501044065771318436e+00 1.882171346791877697e+00 2.323111312722524247e+00
2.237362791234882575e+00 2.618665536444688691e+00 2.416963889600916016e+00
1.072890503191711309e+00 1.300454843995776155e+00 1.720025523609956197e+00
1.585919520146059192e+00 1.831259581389221625e+00 1.737798487754036003e+00
1.072890503191711309e+00 1.338462614612145885e+00 1.720025523609956197e+00
1.072890503191711753e+00 1.473608065696309311e+00 1.899466325340296580e+00
1.072890503191711309e+00 1.462723086163568498e+00 1.720025523609956419e+00
1.072890503191711309e+00 1.404972081132575878e+00 1.720025523609956419e+00
9.198152710680588262e-01 1.179816088214800329e+00 9.198152710680588262e-01
1.072890503191711309e+00 1.371487973988279929e+00 1.720025523609956197e+00
1.585919520146059192e+00 1.845907330622883480e+00 1.585919520146059192e+00
1.609321272073310771e+00 1.735336325738238372e+00 1.953329813351047273e+00
9.198152710680584931e-01 1.092697220211491294e+00 9.198152710680584931e-01
8.478236606197037117e-01 1.043660212818211530e+00 1.115993818313960384e+00
1.501044065771318881e+00 1.904161862321231968e+00 2.314517810827303457e+00
1.609321272073311215e+00 1.748684025257051911e+00 1.953329813351047273e+00
9.198152710680588262e-01 1.161791836908382614e+00 9.198152710680588262e-01
