4.022035839294949788e+00 4.433493455591620780e+00 4.174525485256216584e+00
4.022035839295887705e+00 4.428065789252450202e+00 4.174525485256215696e+00
4.022035839294949788e+00 4.513951067270506101e+00 4.764551526734723375e+00
3.128737358463362650e+00 3.360574732531340203e+00 3.457473191338855667e+00
3.437208054568856141e+00 3.735519121927345587e+00 3.599388309259379248e+00
5.012072709452165320e+00 5.245569959565347773e+00 5.025211701777314133e+00
5.012072709452159103e+00 5.211668788587319412e+00 5.654386315987736111e+00
5.012072709452165320e+00 5.212415732513366429e+00 5.025211701777314133e+00
3.874959601108916463e+00 4.231055200728193633e+00 4.044256917541372509e+00
4.022035839294966664e+00 4.388877847755804140e+00 4.174525485256215696e+00
5.012072709452159103e+00 5.242906632465414773e+00 5.020851073939001985e+00
3.874959601108917351e+00 4.228989908677603715e+00 4.059822734857075233e+00
3.128737358463362650e+00 3.222490644838501339e+00 3.457473191338855667e+00
3.874959601108917795e+00 4.213197238072247330e+00 4.044256917541460439e+00
3.128737358463364426e+00 3.294665519812043364e+00 3.457473191338853002e+00
3.128737358463363982e+00 3.265492878060467952e+00 3.457473191338853002e+00
3.874959601108917795e+00 4.363431101177782878e+00 4.059822734857173820e+00
3.128737358463363982e+00 3.352562691074249646e+00 3.457473191338853002e+00
3.128737358463363982e+00 3.327472825098274800e+00 3.457473191338853002e+00
3.874959601108918683e+00 4.363184255955561142e+00 4.044256917541344976e+00
3.128737358463363982e+00 3.345199347653861288e+00 3.457473191338853002e+00
3.128737358463363982e+00 3.440393103652223949e+00 3.457473191338853002e+00
3.128737358463363982e+00 3.224032498442036765e+00 3.457473191338853002e+00
3.128737358463364426e+00 3.261100759032676599e+00 3.457473191338853002e+00
3.128737358463363982e+00 3.279504299261711164e+00 3.457473191338853002e+00
3.128737358463363982e+00 3.378153368761100062e+00 3.457473191338853002e+00
3.128737358463363982e+00 3.360963642714727140e+00 3.457473191338853002e+00
3.128737358463363982e+00 3.303841230835087295e+00 3.457473191338853002e+00
3.128737358463363982e+00 3.468119070725309339e+00 3.457473191338853002e+00
3.128737358463363982e+00 3.384655020322456576e+00 3.457473191338853002e+00
3.128737358463364426e+00 3.451868123771939079e+00 3.457473191338853002e+00
3.128737358463363982e+00 3.367591355621946114e+00 3.457473191338853002e+00
3.128737358463363982e+00 3.295520717014297496e+00 3.457473191338853002e+00
4.022035839295887705e+00 4.322250761310095335e+00 4.174525485256216584e+00
5.012072709452165320e+00 5.165621728168555471e+00 5.020851073938755071e+00
5.012072709452159103e+00 5.260526832834321098e+00 5.654386315987736111e+00
3.874959601108916019e+00 4.163512701087575429e+00 4.044256917541450669e+00
3.874959601108917351e+00 4.149448600719905400e+00 4.044256917541345864e+00
5.012072709452165320e+00 5.261783069648296340e+00 5.654386315987734335e+00
5.012072709452165320e+00 5.210828994910905010e+00 5.025211701777312356e+00
4.714574571116057378e+00 5.062400308318173892e+00 5.678462915427590296e+00
5.012072709452165320e+00 5.148716139834435879e+00 5.654386315987733447e+00
4.022035839294949788e+00 4.387258478450371868e+00 4.174525485256216584e+00
3.874959601108916463e+00 4.341202762144099836e+00 4.059822734857187143e+00
4.022035839296564497e+00 4.266795024758320842e+00 4.174525485256216584e+00
5.012072709452159103e+00 5.168339520943406207e+00 5.025211701777305251e+00
3.128737358463363982e+00 3.338299147181284177e+00 4.113902493430897422e+00
3.128737358463363982e+00 3.320315980843437043e+00 3.457473191338853002e+00
3.874959601108918683e+00 4.322204474911720773e+00 4.044256917541344976e+00
3.128737358463363982e+00 3.360220347039962974e+00 3.457473191338853002e+00
3.128737358463363982e+00 3.384795241486689754e+00 3.457473191338853002e+00
3.128737358463364426e+00 3.304622484874427890e+00 3.457473191338853002e+00
3.128737358463363982e+00 3.457278588823927912e+00 3.457473191338853002e+00
3.128737358463363982e+00 3.325888492039626332e+00 3.457473191338853002e+00
3.874959601108917351e+00 4.295091304050593806e+00 4.059822734857075233e+00
3.874959601108916019e+00 4.229124902876121972e+00 4.044256917541346752e+00
3.128737358463363982e+00 3.384581077159543927e+00 3.457473191338853002e+00
3.128737358463364426e+00 3.493216601862881188e+00 3.457473191338853002e+00
3.874959601108919127e+00 4.282698205295735860e+00 4.059822734857189808e+00
3.128737358463364426e+00 3.344484371615839002e+00 3.284411704694848666e+00
3.128737358463363982e+00 3.262632973908377920e+00 3.457473191338853002e+00
3.128737358463363982e+00 3.278088507004036423e+00 3.457473191338853002e+00
3.128737358463364426e+00 3.375875884644396141e+00 3.457473191338853002e+00
3.128737358463364426e+00 3.331202086270990126e+00 3.457473191338853002e+00
3.874959601108916019e+00 4.166918390595250266e+00 4.044256917541450669e+00
5.012072709452165320e+00 5.261363771070179496e+00 5.654386315987733447e+00
4.022035839295887705e+00 4.310105876490586851e+00 4.174525485256215696e+00
4.022035839295887705e+00 4.351752063384019209e+00 4.174525485256216584e+00
5.012072709452165320e+00 5.179114190036176346e+00 5.654386315987733447e+00
3.437208054568857030e+00 3.651176978565691567e+00 3.437208054568857030e+00
5.012072709452165320e+00 5.196804765068656629e+00 5.020851073938749742e+00
3.128737358463362650e+00 3.363911649848103202e+00 3.298994421822726064e+00
5.012072709452165320e+00 5.211101833280851636e+00 5.025211701777311468e+00
3.874959601108917351e+00 4.189908635734324704e+00 4.044256917541345864e+00
3.874959601108916019e+00 4.279935274850951821e+00 4.044256917541346752e+00
3.128737358463363982e+00 3.326795807424827167e+00 3.457473191338853002e+00
5.012072709452165320e+00 5.147696357538409373e+00 5.020851073938755071e+00
3.874959601108917351e+00 4.248487347833046712e+00 4.044256917541345864e+00
3.874959601108917351e+00 4.376843282123739520e+00 4.044256917541345864e+00
3.874959601108916019e+00 4.249041416372536517e+00 4.044256917541450669e+00
3.874959601108916463e+00 4.331695200827509140e+00 4.044256917541372509e+00
4.022035839294966664e+00 4.310105876490646359e+00 4.174525485256215696e+00
5.012072709452159103e+00 5.211924862751528664e+00 5.654386315987736111e+00
4.900312331457482351e+00 5.208908292977422860e+00 4.927763697748683391e+00
4.022035839295887705e+00 4.291264748765080128e+00 4.174525485256215696e+00
4.022035839295887705e+00 4.454948463122741842e+00 4.174525485256215696e+00
5.012072709452165320e+00 5.130477032621589828e+00 5.025211701777314133e+00
3.128737358463363982e+00 3.493917418082532755e+00 3.457473191338853002e+00
3.128737358463364426e+00 3.401053853601657018e+00 3.457473191338853002e+00
3.128737358463363982e+00 3.481320918250469187e+00 3.457473191338853002e+00
3.874959601108919127e+00 4.285494473605365506e+00 4.059822734857135629e+00
3.128737358463364426e+00 3.368284506680000678e+00 3.457473191338853002e+00
3.874959601108917795e+00 4.325112606220800515e+00 4.059822734857173820e+00
3.128737358463363982e+00 3.582557404336590423e+00 3.457473191338853002e+00
3.128737358463363982e+00 3.343923776560421057e+00 3.457473191338853002e+00
3.128737358463363982e+00 3.369381898244635298e+00 3.457473191338853002e+00
3.128737358463363982e+00 3.279784741590174857e+00 3.457473191338853002e+00
