2.932813172169258298e+00 3.417093792414648057e+00 3.151943195080878279e+00
2.932813172169257410e+00 3.507532661863918655e+00 3.151943195080878279e+00
3.694294373777217366e+00 4.026767043569060789e+00 3.869196984772861558e+00
2.452637529865230093e+00 2.598814843234539484e+00 2.558253649233399152e+00
2.105751053424618213e+00 2.502935025132605240e+00 2.765573240420784007e+00
3.694294373777216034e+00 3.940129208229420588e+00 3.884983339249794998e+00
4.655258697010856928e+00 4.764161555323834563e+00 4.678053293566335924e+00
3.694294373777216034e+00 3.981747555908239811e+00 3.869196984773004555e+00
2.860275241206682306e+00 3.389680813730634235e+00 3.097202109346086196e+00
2.932813172169257854e+00 3.493781371845103845e+00 3.151943195080878279e+00
3.585545885891405327e+00 3.838145752266863830e+00 3.784435512626837195e+00
2.932813172169258298e+00 3.626050903454266283e+00 3.151943195080878279e+00
2.452637529865230093e+00 2.780272544636579468e+00 2.558253649233399152e+00
2.860275241206681418e+00 3.492626249562685192e+00 3.097202109346084864e+00
2.452637529865228760e+00 2.889484216227026447e+00 3.439138126401553475e+00
2.452637529865228760e+00 2.785553350604985656e+00 2.558253649233398264e+00
2.932813172169257410e+00 3.381552187834993894e+00 3.151943195080876503e+00
2.452637529865228760e+00 2.878922604290209186e+00 3.439138126401553475e+00
2.452637529865228760e+00 2.686903290951353274e+00 3.439138126401553475e+00
2.860275241206682306e+00 3.484083233907250499e+00 3.097202109346085752e+00
2.452637529865228760e+00 2.681622484982944421e+00 3.439138126401553475e+00
2.452637529865228760e+00 2.686903290951353274e+00 3.439138126401553475e+00
2.452637529865228760e+00 2.686903290951352830e+00 2.452637529865228760e+00
2.452637529865228760e+00 2.523085783565679030e+00 2.558253649233398264e+00
2.452637529865228760e+00 2.702745708856578499e+00 3.439138126401553475e+00
2.452637529865228760e+00 2.681622484982944421e+00 3.439138126401553475e+00
2.452637529865228760e+00 2.873641798321800778e+00 2.558253649233398264e+00
2.452637529865228760e+00 2.648139873061354344e+00 3.439138126401553475e+00
2.452637529865228760e+00 2.593534037266129300e+00 2.558253649233398264e+00
2.452637529865228760e+00 2.790834156573393621e+00 2.558253649233398264e+00
2.452637529865228760e+00 2.702745708856578499e+00 3.439138126401553475e+00
2.452637529865228760e+00 2.757351544651803543e+00 2.558253649233398264e+00
2.452637529865228760e+00 2.790834156573394065e+00 2.558253649233398264e+00
2.932813172169258298e+00 3.585451671325222467e+00 3.151943195080878279e+00
3.585545885891405327e+00 4.052182973080951101e+00 3.784435512626002751e+00
4.655258697010856928e+00 4.962591864877444081e+00 4.678053293566335924e+00
2.860275241206683638e+00 3.395920245035734641e+00 3.097202109346086196e+00
2.860275241206682750e+00 3.367049890047372429e+00 3.097202109346087084e+00
4.655258697010856928e+00 4.863946575014500340e+00 5.641711595640291677e+00
3.694294373777217366e+00 4.233891347840275543e+00 3.869196984772867776e+00
4.700424435971252812e+00 5.048906165008052227e+00 5.331718583786234866e+00
4.655258697010856928e+00 4.810065010771984007e+00 4.678053293566335924e+00
2.932813172169258298e+00 3.489566882221686761e+00 3.151943195080878279e+00
2.932813172169258298e+00 3.470635817773839449e+00 3.151943195080878279e+00
2.932813172169256521e+00 3.496550825812421159e+00 3.151943195080876503e+00
3.694294373777218254e+00 4.078830013589466397e+00 3.884983339248966328e+00
2.452637529865228760e+00 2.593534037266129300e+00 2.558253649233398264e+00
2.860275241206682306e+00 3.471544947445914797e+00 3.097202109346085752e+00
2.452637529865228760e+00 2.598814843234537708e+00 3.439138126401553475e+00
2.452637529865228760e+00 2.790834156573393621e+00 2.558253649233398264e+00
2.452637529865228760e+00 2.653420679029762308e+00 2.558253649233398264e+00
2.452637529865228760e+00 2.632297455156128230e+00 3.439138126401553475e+00
2.452637529865228760e+00 2.697464902888170091e+00 2.558253649233398264e+00
2.932813172169258298e+00 3.472963957300214677e+00 3.863802170515076018e+00
2.860275241206683638e+00 3.237709405076672375e+00 3.097202109346086196e+00
2.452637529865228760e+00 2.933528440085434230e+00 2.558253649233398264e+00
2.932813172169256966e+00 3.447484682586544835e+00 3.151943195080876503e+00
2.860275241206682306e+00 3.484110294639214178e+00 3.097202109346085752e+00
2.452637529865228760e+00 2.697464902888170091e+00 2.452637529865228760e+00
2.452637529865228760e+00 2.692184096919761238e+00 2.452637529865228760e+00
2.452637529865228760e+00 2.785553350604985656e+00 2.452637529865228760e+00
2.452637529865228760e+00 2.746789932714986726e+00 2.558253649233398264e+00
2.860275241206682306e+00 3.468933562748748756e+00 3.097202109346086196e+00
4.655258697010856928e+00 4.958032945566348104e+00 4.655258697010866697e+00
2.932813172169257410e+00 3.330906923080747983e+00 3.916912146840037856e+00
2.932813172169258298e+00 3.303633094668584569e+00 3.151943195080878279e+00
4.655258697010856928e+00 4.761882095668319437e+00 4.678053293566335924e+00
2.415807682951304436e+00 2.926376350625437439e+00 2.902180549011660116e+00
3.585545885891405771e+00 3.863738836215155459e+00 3.784435512626803888e+00
2.932813172169257410e+00 3.521301480051165278e+00 3.151943195080878279e+00
3.694294373777217366e+00 4.127959453689378222e+00 3.884983339248543999e+00
2.860275241206682750e+00 3.200525686786216628e+00 3.791370358160956133e+00
2.860275241206683638e+00 3.261393071646624175e+00 3.097202109346086196e+00
2.452637529865228760e+00 2.829597574463392995e+00 2.558253649233398264e+00
3.585545885891405327e+00 3.975795777843222023e+00 3.784435512626002751e+00
2.860275241206682750e+00 3.400195167633197180e+00 3.843237242345025173e+00
2.860275241206682750e+00 3.381489577663546076e+00 3.097202109346087084e+00
2.860275241206682306e+00 3.421335084258327441e+00 3.097202109346086196e+00
2.860275241206682306e+00 3.549184562170896839e+00 3.097202109346086196e+00
2.932813172169257854e+00 3.489829194790400546e+00 3.151943195080878279e+00
4.655258697010856928e+00 4.808925280944175817e+00 4.678053293566335924e+00
3.017215653889449456e+00 3.642314519398048844e+00 3.235434652629031849e+00
2.932813172169257410e+00 3.507166736267962825e+00 3.151943195080878279e+00
2.932813172169257410e+00 3.384012935097368224e+00 3.151943195080878279e+00
3.694294373777216034e+00 4.210528991542489052e+00 3.884983339249794998e+00
2.452637529865228760e+00 2.774991738668168395e+00 2.558253649233398264e+00
2.452637529865228760e+00 2.598814843234537708e+00 2.558253649233398264e+00
2.452637529865228760e+00 2.741509126746577429e+00 3.439138126401553475e+00
2.932813172169256521e+00 3.596425403190458781e+00 3.151943195080876503e+00
2.452637529865228760e+00 2.884203410258618039e+00 3.439138126401553475e+00
2.932813172169257410e+00 3.280181164311710695e+00 3.151943195080876503e+00
2.452637529865228760e+00 2.671060873046127604e+00 2.558253649233398264e+00
2.452637529865228760e+00 2.692184096919761238e+00 3.439138126401553475e+00
2.452637529865228760e+00 2.741509126746577873e+00 2.558253649233398264e+00
2.452637529865228760e+00 2.824316768494985030e+00 2.558253649233398264e+00
