5.949326884412348804e+00 5.966133394984661997e+00 5.977337735366212712e+00
5.949326884412348804e+00 5.966133394984662885e+00 5.977337735366171856e+00
5.949326884412348804e+00 5.963332309889275429e+00 5.977337735366212712e+00
5.949326884412348804e+00 5.968934480080049454e+00 5.977337735366217153e+00
5.949326884412348804e+00 5.967533937532349064e+00 5.949326884412348804e+00
5.949326884412348804e+00 5.964732852436965160e+00 5.977337735366212712e+00
5.949326884412348804e+00 5.970335022627727639e+00 5.977337735366212712e+00
5.949326884412348804e+00 5.968934480080041460e+00 5.977337735366166527e+00
5.949326884412348804e+00 5.967533937532346400e+00 5.977337735366212712e+00
5.949326884412348804e+00 5.971735565175430693e+00 5.977337735366212712e+00
5.949326884412348804e+00 5.971735565175434246e+00 5.977337735366212712e+00
5.949326884412348804e+00 5.966133394984662885e+00 5.977337735366166527e+00
5.949326884412348804e+00 5.967533937532346400e+00 5.977337735366217153e+00
5.949326884412348804e+00 5.967533937532349064e+00 5.977337735366217153e+00
5.949326884412348804e+00 5.967533937532351729e+00 5.977337735366212712e+00
5.949326884412348804e+00 5.967533937532346400e+00 5.977337735366166527e+00
5.949326884412348804e+00 5.966133394984660221e+00 5.977337735366217153e+00
5.949326884412348804e+00 5.967533937532347288e+00 5.977337735366212712e+00
5.949326884412348804e+00 5.964732852436964272e+00 5.977337735366166527e+00
5.949326884412348804e+00 5.961931767341580368e+00 5.977337735366171856e+00
5.949326884412348804e+00 5.968934480080042349e+00 5.977337735366212712e+00
5.949326884412348804e+00 5.968934480080038796e+00 5.977337735366212712e+00
5.949326884412348804e+00 5.968934480080041460e+00 5.977337735366212712e+00
5.949326884412348804e+00 5.966133394984661997e+00 5.977337735366212712e+00
5.949326884412348804e+00 5.966133394984656668e+00 5.977337735366166527e+00
5.949326884412348804e+00 5.970335022627738297e+00 5.977337735366166527e+00
5.949326884412348804e+00 5.963332309889271876e+00 5.977337735366212712e+00
5.949326884412348804e+00 5.970335022627733856e+00 5.977337735366212712e+00
5.949326884412348804e+00 5.968934480080045901e+00 5.977337735366212712e+00
5.949326884412348804e+00 5.974536650270811933e+00 5.977337735366166527e+00
5.949326884412348804e+00 5.966133394984661109e+00 5.977337735366212712e+00
5.949326884412348804e+00 5.974536650270813709e+00 5.977337735366166527e+00
5.949326884412348804e+00 5.967533937532353505e+00 5.977337735366212712e+00
5.949326884412348804e+00 5.970335022627731192e+00 5.977337735366166527e+00
5.949326884412348804e+00 5.970335022627730304e+00 5.977337735366212712e+00
5.949326884412348804e+00 5.968934480080038796e+00 5.977337735366212712e+00
5.949326884412348804e+00 5.966133394984654004e+00 5.977337735366166527e+00
5.949326884412348804e+00 5.968934480080036131e+00 5.977337735366212712e+00
5.949326884412348804e+00 5.968934480080040572e+00 5.977337735366166527e+00
5.949326884412348804e+00 5.968934480080050342e+00 5.977337735366212712e+00
5.949326884412348804e+00 5.967533937532354393e+00 5.977337735366212712e+00
5.949326884412348804e+00 5.964732852436970489e+00 5.949326884412348804e+00
5.949326884412348804e+00 5.964732852436971378e+00 5.977337735366166527e+00
5.949326884412348804e+00 5.967533937532354393e+00 5.977337735366212712e+00
5.949326884412348804e+00 5.971735565175420923e+00 5.977337735366212712e+00
5.949326884412348804e+00 5.968934480080038796e+00 5.977337735366166527e+00
5.949326884412348804e+00 5.971735565175434246e+00 5.977337735366217153e+00
5.949326884412348804e+00 5.968934480080043237e+00 5.977337735366166527e+00
5.949326884412348804e+00 5.968934480080038796e+00 5.977337735366166527e+00
5.949326884412348804e+00 5.966133394984662885e+00 5.977337735366171856e+00
5.949326884412348804e+00 5.966133394984652227e+00 5.977337735366212712e+00
5.949326884412348804e+00 5.966133394984663774e+00 5.977337735366166527e+00
5.949326884412348804e+00 5.970335022627741850e+00 5.977337735366212712e+00
5.949326884412348804e+00 5.967533937532353505e+00 5.977337735366166527e+00
5.949326884412348804e+00 5.971735565175427141e+00 5.977337735366166527e+00
5.949326884412348804e+00 5.966133394984657556e+00 5.977337735366166527e+00
5.949326884412348804e+00 5.970335022627727639e+00 5.977337735366217153e+00
5.949326884412348804e+00 5.968934480080037908e+00 5.977337735366166527e+00
5.949326884412348804e+00 5.963332309889277205e+00 5.977337735366212712e+00
5.949326884412348804e+00 5.964732852436966937e+00 5.977337735366212712e+00
5.949326884412348804e+00 5.970335022627743626e+00 5.977337735366212712e+00
5.949326884412348804e+00 5.968934480080045013e+00 5.977337735366166527e+00
5.949326884412348804e+00 5.968934480080048566e+00 5.977337735366166527e+00
5.949326884412348804e+00 5.974536650270811933e+00 5.977337735366212712e+00
5.949326884412348804e+00 5.967533937532352617e+00 5.977337735366212712e+00
5.949326884412348804e+00 5.973136107723129307e+00 5.977337735366212712e+00
5.949326884412348804e+00 5.967533937532351729e+00 5.977337735366212712e+00
5.949326884412348804e+00 5.968934480080041460e+00 5.977337735366166527e+00
5.949326884412348804e+00 5.967533937532349064e+00 5.977337735366166527e+00
5.949326884412348804e+00 5.967533937532349952e+00 5.977337735366212712e+00
5.949326884412348804e+00 5.968934480080045901e+00 5.949326884412348804e+00
5.949326884412348804e+00 5.959130682246197352e+00 5.977337735366166527e+00
5.949326884412348804e+00 5.968934480080037908e+00 5.977337735366217153e+00
5.949326884412348804e+00 5.966133394984664662e+00 5.977337735366212712e+00
5.949326884412348804e+00 5.970335022627732080e+00 5.977337735366217153e+00
5.949326884412348804e+00 5.967533937532345512e+00 5.977337735366212712e+00
5.949326884412348804e+00 5.971735565175427141e+00 5.977337735366166527e+00
5.949326884412348804e+00 5.967533937532351729e+00 5.977337735366212712e+00
5.949326884412348804e+00 5.974536650270814597e+00 5.977337735366166527e+00
5.949326884412348804e+00 5.973136107723131971e+00 5.977337735366166527e+00
5.949326884412348804e+00 5.966133394984659333e+00 5.977337735366212712e+00
5.949326884412348804e+00 5.963332309889279870e+00 5.977337735366212712e+00
5.949326884412348804e+00 5.963332309889273652e+00 5.977337735366212712e+00
5.949326884412348804e+00 5.968934480080049454e+00 5.977337735366212712e+00
5.949326884412348804e+00 5.966133394984661109e+00 5.949326884412348804e+00
5.949326884412348804e+00 5.971735565175420923e+00 5.977337735366166527e+00
5.949326884412348804e+00 5.964732852436966937e+00 5.977337735366166527e+00
5.949326884412348804e+00 5.971735565175432470e+00 5.977337735366212712e+00
5.949326884412348804e+00 5.970335022627732080e+00 5.977337735366166527e+00
5.949326884412348804e+00 5.970335022627743626e+00 5.977337735366212712e+00
5.949326884412348804e+00 5.968934480080047678e+00 5.977337735366212712e+00
5.949326884412348804e+00 5.967533937532349952e+00 5.977337735366217153e+00
5.949326884412348804e+00 5.968934480080035243e+00 5.977337735366212712e+00
5.949326884412348804e+00 5.966133394984654004e+00 5.977337735366217153e+00
5.949326884412348804e+00 5.968934480080053007e+00 5.977337735366212712e+00
5.949326884412348804e+00 5.973136107723119537e+00 5.977337735366166527e+00
5.949326884412348804e+00 5.968934480080038796e+00 5.977337735366212712e+00
5.949326884412348804e+00 5.970335022627734745e+00 5.977337735366166527e+00
