5.511821062505837254e+00 5.554539763448480549e+00 5.511821062505837254e+00
4.177473114386136999e+00 4.323817557487342533e+00 4.430625233762070181e+00
5.511821062505837254e+00 5.595080164009027968e+00 5.511821062505837254e+00
4.177473114387195707e+00 4.328699753837542019e+00 4.406663283901644412e+00
5.285535550491296419e+00 5.318696918582540789e+00 5.324404678146565928e+00
5.511821062505837254e+00 5.654771536274775023e+00 5.913064500585274885e+00
5.511821062505837254e+00 5.655413050354449744e+00 5.913064500585274885e+00
5.511821062505401159e+00 5.634568239405680856e+00 5.913064500585274885e+00
5.511821062505837254e+00 5.555251184302242962e+00 5.511847290846765723e+00
5.511821062505786628e+00 5.613517092026404143e+00 5.511821062505786628e+00
5.511821062505837254e+00 5.636137451746613181e+00 5.913064500585274885e+00
5.511821062505401159e+00 5.555179966111190915e+00 5.511847290846987768e+00
4.177473114387195707e+00 4.330167765823275339e+00 4.406663283901644412e+00
5.511821062505837254e+00 5.614432226476295362e+00 5.511847290846988656e+00
4.177473114387150410e+00 4.348503134061671993e+00 4.406663283901641748e+00
4.177473114386132558e+00 4.300131607760086183e+00 4.406663283901642636e+00
5.511821062505837254e+00 5.553110364655696074e+00 5.511847290846988656e+00
4.177473114387191266e+00 4.305482189249225655e+00 4.406663283901642636e+00
4.177473114386132558e+00 4.302726273392226020e+00 4.406663283901642636e+00
5.511821062505401159e+00 5.575312044789059840e+00 5.511847290846784375e+00
4.177473114387150410e+00 4.299203424760273506e+00 4.406663283901643524e+00
4.177473114387191266e+00 4.314427063217107339e+00 4.406663283901642636e+00
4.177473114387191266e+00 4.334107601614356042e+00 4.406663283901642636e+00
4.177473114387150410e+00 4.294619776047219339e+00 4.406663283901641748e+00
4.177473114386132558e+00 4.306410372249135143e+00 4.406663283901642636e+00
4.177473114386132558e+00 4.307064733810725521e+00 4.406663283901644412e+00
4.177473114387150410e+00 4.327199201761921188e+00 4.406663283901643524e+00
4.177473114387150410e+00 4.348592940439429455e+00 4.406663283901643524e+00
4.177473114387150410e+00 4.338961164820283045e+00 4.406663283901643524e+00
4.177473114386132558e+00 4.275057677171285597e+00 4.406663283901644412e+00
4.177473114387150410e+00 4.320895711074708601e+00 4.406663283901641748e+00
4.177473114386132558e+00 4.356709708397685787e+00 4.406663283901642636e+00
4.177473114387191266e+00 4.325943837980818607e+00 4.406663283901642636e+00
5.511821062505401159e+00 5.595722989505765632e+00 5.511821062505401159e+00
5.511821062505837254e+00 5.617209314534135522e+00 5.913064500585274885e+00
5.511821062505837254e+00 5.693964247570178827e+00 5.913064500585274885e+00
5.511821062505401159e+00 5.654625165641364859e+00 5.511847290846987768e+00
5.511821062505786628e+00 5.593159556021273460e+00 5.511847290846753289e+00
5.511821062505401159e+00 5.535262853423695617e+00 5.511847290846987768e+00
5.511821062505786628e+00 5.633360363688594497e+00 5.913064500585274885e+00
5.511821062505786628e+00 5.553679349127050635e+00 5.913064500585274885e+00
5.285535550491297307e+00 5.318696918582555000e+00 5.285535550491297307e+00
5.511821062505401159e+00 5.593309860906126474e+00 5.913064500585274885e+00
5.511821062505837254e+00 5.655413050354501259e+00 5.511821062505837254e+00
5.511821062505837254e+00 5.693467792707115116e+00 5.511847290846765723e+00
4.177473114386132558e+00 4.318438342854499012e+00 4.430625233762069293e+00
5.511821062505785740e+00 5.593233397046629918e+00 5.913064500585279326e+00
4.177473114386132558e+00 4.334121779172772193e+00 4.406663283901642636e+00
4.177473114386132558e+00 4.314786784087433880e+00 4.406663283901644412e+00
5.511821062505401159e+00 5.633428959045502005e+00 5.511847290846784375e+00
4.177473114387150410e+00 4.340457809950077461e+00 4.406663283901643524e+00
4.177473114386132558e+00 4.338899991586162130e+00 4.406663283901642636e+00
4.177473114387150410e+00 4.319636440347824013e+00 4.406663283901641748e+00
4.177473114386132558e+00 4.308863833523180809e+00 4.406663283901644412e+00
4.177473114386132558e+00 4.319096611361933569e+00 4.406663283901642636e+00
5.511821062505401159e+00 5.673333091194878719e+00 5.511847290846987768e+00
4.177473114387195707e+00 4.307608469742526758e+00 4.388099623897007362e+00
4.177473114386132558e+00 4.306737553029931220e+00 4.406663283901642636e+00
4.177473114387191266e+00 4.316312062361539859e+00 4.406663283901641748e+00
4.177473114387150410e+00 4.325915204836906724e+00 4.388099623897007362e+00
4.177473114387150410e+00 4.333492143809543506e+00 4.406663283901641748e+00
4.177473114386132558e+00 4.325972471124571506e+00 4.406663283901642636e+00
4.177473114386132558e+00 4.313257598867773268e+00 4.406663283901642636e+00
4.177473114387191266e+00 4.276856776884400801e+00 4.406663283901641748e+00
4.177473114387191266e+00 4.309403662509091681e+00 4.406663283901641748e+00
5.511821062505837254e+00 5.614084765080773920e+00 5.511847290846784375e+00
5.511821062505837254e+00 5.615291329380600160e+00 5.913064500585274885e+00
5.511821062505401159e+00 5.594731391196538617e+00 5.511821062505401159e+00
5.511821062505401159e+00 5.616000127400353037e+00 5.511821062505401159e+00
5.511821062505837254e+00 5.614009612638501956e+00 5.913064500585274885e+00
5.285535550491297307e+00 5.320640374965289965e+00 5.324404678147319991e+00
5.511821062505401159e+00 5.573814050639379403e+00 5.913064500585274885e+00
4.177473114387147746e+00 4.310662933235994032e+00 4.406663283901644412e+00
5.511821062505837254e+00 5.613867176255983082e+00 5.913064500585274885e+00
4.177473114387195707e+00 4.324418559706996845e+00 4.388099623897085522e+00
5.511821062505786628e+00 5.576738820747812575e+00 5.511847290846763947e+00
4.177473114386132558e+00 4.346736574438873291e+00 4.406663283901644412e+00
5.511821062505837254e+00 5.635207130651066265e+00 5.913064500585274885e+00
5.511821062505401159e+00 5.574526782910202982e+00 5.511847290846987768e+00
5.511821062505401159e+00 5.593872288292136119e+00 5.511847290846987768e+00
5.511821062505837254e+00 5.594021281759807174e+00 5.511847290846784375e+00
5.511821062505837254e+00 5.593159556021347179e+00 5.511847290846765723e+00
5.511821062505786628e+00 5.614502133250355520e+00 5.511821062505786628e+00
5.511821062505837254e+00 5.554686134081986637e+00 5.913064500585274885e+00
5.285535550491297307e+00 5.324527287730647984e+00 5.324404678147316439e+00
5.511821062505401159e+00 5.574526782910202982e+00 5.511821062505401159e+00
5.511821062505401159e+00 5.653915056204697365e+00 5.511821062505401159e+00
5.511821062505837254e+00 5.573592527563443255e+00 5.913064500585274885e+00
4.177473114386132558e+00 4.289273101503743746e+00 4.406663283901642636e+00
4.177473114387150410e+00 4.375433430650903510e+00 4.406663283901641748e+00
4.177473114387150410e+00 4.324717107343902356e+00 4.406663283901643524e+00
5.511821062505785740e+00 5.574671842126619481e+00 5.511847290846764835e+00
4.177473114387150410e+00 4.306111824612750993e+00 4.406663283901641748e+00
5.511821062505837254e+00 5.614723656326283674e+00 5.511847290846988656e+00
4.177473114387191266e+00 4.283221440805311531e+00 4.406663283901642636e+00
4.177473114386132558e+00 4.328098751617819318e+00 4.406663283901642636e+00
4.177473114387191266e+00 4.319067978218209092e+00 4.406663283901642636e+00
4.177473114386132558e+00 4.335845528092685086e+00 4.406663283901642636e+00
