1.986036038748774324e+00 2.028395054833174171e+00 1.995395771316917921e+00
1.331442069318763188e+00 1.515586747977797133e+00 1.331442069318763188e+00
1.986036038748774324e+00 2.039930162230457977e+00 1.995395771316917921e+00
1.331442069318763188e+00 1.551860044063091859e+00 1.842650360971313406e+00
2.570394158482360858e+00 2.701739388563127342e+00 2.730886446610399698e+00
1.986036038748774324e+00 2.045573435297115772e+00 2.084007014257825308e+00
1.986036038748774324e+00 2.048027753160694964e+00 2.084007014257825308e+00
1.986036038748774324e+00 2.062961873799314727e+00 2.084007014257824864e+00
1.986036038748774324e+00 2.040617814098478977e+00 1.986036038748774324e+00
1.986036038748774324e+00 2.053413097637202700e+00 1.995395771316917921e+00
1.986036038748774324e+00 2.028070851948548636e+00 2.084007014257825308e+00
1.986036038748774324e+00 2.034783292066211668e+00 1.986036038748774324e+00
1.331442069318763188e+00 1.602855613242921251e+00 1.842650360971313406e+00
1.986036038748774324e+00 2.034754635917032317e+00 1.986036038748774324e+00
1.331442069318762966e+00 1.548153437572441948e+00 1.842650360971313184e+00
1.331442069318762966e+00 1.588949176448650302e+00 1.842650360971313406e+00
1.986036038748774324e+00 2.037896605648632953e+00 1.986036038748774324e+00
1.331442069318762966e+00 1.625250376764494131e+00 1.842650360971313184e+00
1.331442069318762966e+00 1.543650141537188158e+00 1.842650360971313406e+00
1.986036038748774324e+00 2.046996204254985408e+00 1.986036038748774324e+00
1.331442069318762966e+00 1.542649983007943204e+00 1.842650360971313184e+00
1.331442069318762966e+00 1.586136615257480953e+00 1.842650360971313184e+00
1.331442069318762966e+00 1.578420617174963736e+00 1.842650360971313184e+00
1.331442069318762966e+00 1.595771129231687624e+00 1.842650360971313184e+00
1.331442069318762966e+00 1.527802449927982753e+00 1.842650360971313406e+00
1.331442069318762966e+00 1.644969850337668849e+00 1.842650360971313184e+00
1.331442069318762966e+00 1.558575883616364344e+00 1.842650360971313184e+00
1.331442069318762966e+00 1.528908721686992545e+00 1.842650360971313184e+00
1.331442069318762966e+00 1.600564860725686156e+00 1.842650360971313184e+00
1.331442069318762966e+00 1.592558427184423753e+00 1.842650360971313184e+00
1.331442069318762966e+00 1.532937260034521243e+00 1.842650360971313184e+00
1.331442069318762966e+00 1.597955768519157882e+00 1.842650360971313406e+00
1.331442069318762966e+00 1.594664857472678277e+00 1.842650360971313184e+00
1.986036038748774324e+00 2.035528016357417869e+00 1.995395771316917921e+00
1.986036038748774324e+00 2.056392234677199671e+00 2.084007014257825308e+00
1.986036038748774324e+00 2.060755877324529362e+00 2.084007014257825308e+00
1.986036038748774324e+00 2.042164574979248748e+00 1.986036038748774324e+00
1.986036038748774324e+00 2.030104408530373217e+00 1.986036038748774324e+00
1.986036038748774324e+00 2.031345775599165293e+00 1.986036038748774324e+00
1.986036038748774324e+00 2.056888877454785991e+00 2.084007014257824864e+00
1.986036038748774324e+00 2.031069037936366950e+00 2.084007014257824864e+00
2.570394158482360414e+00 2.715575067692179267e+00 2.570394158482360414e+00
1.986036038748774324e+00 2.045573435297115772e+00 2.084007014257824864e+00
1.986036038748774324e+00 2.036244324374618220e+00 1.995395771316917921e+00
1.986036038748774324e+00 2.031803915151042084e+00 1.986036038748774324e+00
1.331442069318762966e+00 1.579739115393502757e+00 1.331442069318762966e+00
1.986036038748774324e+00 2.041916253590454922e+00 2.084007014257824864e+00
1.331442069318762966e+00 1.604193258217120555e+00 1.842650360971313406e+00
1.331442069318762966e+00 1.600352634266156482e+00 1.842650360971313184e+00
1.986036038748774324e+00 2.045325353783497668e+00 1.986036038748774324e+00
1.331442069318762966e+00 1.603086986458110985e+00 1.842650360971313184e+00
1.331442069318762966e+00 1.557575725087119611e+00 1.842650360971313406e+00
1.331442069318762966e+00 1.481604204409736836e+00 1.842650360971313184e+00
1.331442069318762966e+00 1.609881035010598982e+00 1.842650360971313184e+00
1.331442069318762966e+00 1.563973224951097363e+00 1.842650360971313406e+00
1.986036038748774324e+00 2.048705557952184453e+00 1.986036038748774324e+00
1.331442069318763188e+00 1.571104759948541041e+00 1.353567504498953022e+00
1.331442069318762966e+00 1.542728192007158494e+00 1.842650360971313406e+00
1.331442069318762966e+00 1.632044425316982572e+00 1.842650360971313184e+00
1.331442069318762966e+00 1.586948859390160838e+00 1.353567504498952800e+00
1.331442069318762966e+00 1.597061723219677543e+00 1.842650360971313184e+00
1.331442069318762966e+00 1.641466712831660235e+00 1.842650360971313406e+00
1.331442069318762966e+00 1.522408700760834233e+00 1.842650360971313406e+00
1.331442069318762966e+00 1.587639435704999880e+00 1.842650360971313184e+00
1.331442069318762966e+00 1.548337759801421853e+00 1.842650360971313184e+00
1.986036038748774324e+00 2.032749735484387532e+00 1.986036038748774324e+00
1.986036038748774324e+00 2.050968626850155463e+00 2.084007014257825308e+00
1.986036038748774324e+00 2.018101314504682442e+00 1.995395771316917921e+00
1.986036038748774324e+00 2.028461974332889994e+00 1.995395771316917921e+00
1.986036038748774324e+00 2.028614720072787758e+00 2.084007014257825308e+00
2.570394158482360414e+00 2.717788617375931359e+00 2.730886446610399698e+00
1.986036038748774324e+00 2.030600811432785147e+00 2.084007014257824864e+00
1.331442069318762966e+00 1.601565019254931332e+00 1.842650360971312962e+00
1.986036038748774324e+00 2.039653184692485688e+00 2.084007014257825308e+00
1.331442069318763188e+00 1.563785310554532959e+00 1.353567504498953245e+00
1.986036038748774324e+00 2.037208953780612397e+00 1.986036038748774324e+00
1.331442069318762966e+00 1.621225430584550820e+00 1.842650360971313184e+00
1.986036038748774324e+00 2.041419850688044324e+00 2.084007014257825308e+00
1.986036038748774324e+00 2.059553013481447259e+00 1.986036038748774324e+00
1.986036038748774324e+00 2.036435573340226846e+00 1.986036038748774324e+00
1.986036038748774324e+00 2.038010750495002465e+00 1.986036038748774324e+00
1.986036038748774324e+00 2.061205294755462880e+00 1.986036038748774324e+00
1.986036038748774324e+00 2.039653184692485244e+00 1.995395771316917921e+00
1.986036038748774324e+00 2.044609045766296873e+00 2.084007014257825308e+00
2.570394158482360414e+00 2.709764002969528462e+00 2.730886446610399698e+00
1.986036038748774324e+00 2.035251278694619970e+00 1.995395771316917921e+00
1.986036038748774324e+00 2.038507393272588786e+00 1.995395771316917921e+00
1.986036038748774324e+00 2.043654263436834650e+00 2.084007014257825308e+00
1.331442069318762966e+00 1.607484169263599938e+00 1.842650360971313406e+00
1.331442069318762966e+00 1.617012570008042216e+00 1.842650360971313184e+00
1.331442069318762966e+00 1.488026016336679858e+00 1.842650360971313184e+00
1.986036038748774324e+00 2.046318159588321528e+00 1.986036038748774324e+00
1.331442069318762966e+00 1.550550303319440770e+00 1.842650360971313184e+00
1.986036038748774324e+00 2.049421865969385248e+00 1.986036038748774324e+00
1.331442069318762966e+00 1.644573301649159047e+00 1.842650360971313184e+00
1.331442069318762966e+00 1.559576042145609076e+00 1.842650360971313406e+00
1.331442069318762966e+00 1.662523831379034034e+00 1.842650360971313184e+00
1.331442069318762966e+00 1.506164460463119470e+00 1.842650360971313406e+00
