1.042113131119194680e+00 1.155424340449126897e+00 1.195613801245697383e+00
1.042113131119194680e+00 1.167349985652705202e+00 1.195613801245697605e+00
1.042113131119194680e+00 1.163820435169083733e+00 1.187955999370419624e+00
1.102003203845297374e+00 1.332258033382951457e+00 1.743010884681003958e+00
1.573600652769133079e+00 1.932218528394974211e+00 2.032888692970189037e+00
1.765645478335933882e+00 1.814907841090534379e+00 1.777885706356147066e+00
1.765645478335934104e+00 1.859578121300388576e+00 1.955728412093179269e+00
1.765645478335933882e+00 1.854042221859213857e+00 1.777885706356147066e+00
9.511383466442039358e-01 1.069161541433924167e+00 1.096188017782091517e+00
1.042113131119194680e+00 1.171516341492407243e+00 1.195613801245697383e+00
1.765645478335934104e+00 1.840023995828936831e+00 1.765645478335934104e+00
9.511383466442040469e-01 1.058297821632659064e+00 1.117146228433680388e+00
1.102003203845297374e+00 1.502328481540472493e+00 1.743010884681003958e+00
9.511383466442039358e-01 1.095234656715491806e+00 1.096188017782091739e+00
1.102003203845296930e+00 1.379970954520711501e+00 1.743010884681003514e+00
1.102003203845296930e+00 1.502752439902947712e+00 1.743010884681003514e+00
9.511383466442039358e-01 1.060003482640142325e+00 1.117146228433680166e+00
1.102003203845296930e+00 1.432192171495914046e+00 1.743010884681003514e+00
1.102003203845296930e+00 1.418531419569462271e+00 1.743010884681003514e+00
9.511383466442039358e-01 1.080107240888585229e+00 1.096188017782091295e+00
1.102003203845296930e+00 1.519595611376252986e+00 1.743010884681003514e+00
1.102003203845296930e+00 1.341744874320659697e+00 1.743010884681003514e+00
1.102003203845296930e+00 1.502069851362692665e+00 1.743010884681003514e+00
1.102003203845296930e+00 1.401172579685939557e+00 1.743010884681003514e+00
1.102003203845296930e+00 1.440256264559183208e+00 1.743010884681003514e+00
1.102003203845296930e+00 1.308896123595932881e+00 1.743010884681003514e+00
1.102003203845296930e+00 1.336540732403954213e+00 1.743010884681003514e+00
1.102003203845296930e+00 1.458355825080738466e+00 1.743010884681003514e+00
1.102003203845296930e+00 1.356576011372353063e+00 1.743010884681003514e+00
1.102003203845296930e+00 1.433613888728860752e+00 1.743010884681003514e+00
1.102003203845296930e+00 1.484336041854855681e+00 1.743010884681003514e+00
1.102003203845296930e+00 1.376321855301801733e+00 1.743010884681003514e+00
1.102003203845296930e+00 1.461881286783039302e+00 1.743010884681003514e+00
1.042113131119194680e+00 1.212958836655261052e+00 1.195613801245697383e+00
1.765645478335933882e+00 1.866573777144957536e+00 1.765645478335933882e+00
1.765645478335934104e+00 1.792948457827751696e+00 1.955728412093179269e+00
9.511383466442039358e-01 1.081396183255526777e+00 1.096188017782091739e+00
9.511383466442040469e-01 1.049557182782481224e+00 1.096188017782091739e+00
1.765645478335934548e+00 1.821435196815943014e+00 1.955728412093179713e+00
1.765645478335934548e+00 1.887921149006729138e+00 1.777885706356147066e+00
1.897914388374994488e+00 2.310255433532916403e+00 2.749525491025645696e+00
1.765645478335933882e+00 1.830209321896339558e+00 1.955728412093179269e+00
1.042113131119194680e+00 1.144268730685946700e+00 1.195613801245697383e+00
9.511383466442039358e-01 1.038510743754049059e+00 1.117146228433680388e+00
1.042113131119194680e+00 1.162714226739593570e+00 1.195613801245697161e+00
1.765645478335934104e+00 1.877796376579776716e+00 1.777885706356146844e+00
1.102003203845296930e+00 1.475423001425142377e+00 1.899471088834052690e+00
1.102003203845296930e+00 1.374601484419309294e+00 1.743010884681003514e+00
9.511383466442039358e-01 1.053138843766984856e+00 1.096188017782091295e+00
1.102003203845296930e+00 1.538618281989831971e+00 1.743010884681003514e+00
1.102003203845296930e+00 1.527311500747966289e+00 1.743010884681003514e+00
1.102003203845296930e+00 1.414699444843693588e+00 1.743010884681003514e+00
1.102003203845296930e+00 1.461381573749643170e+00 1.743010884681003514e+00
1.102003203845296930e+00 1.403184052803703619e+00 1.743010884681003514e+00
9.511383466442040469e-01 1.072501946664914829e+00 1.117146228433680388e+00
9.511383466442040469e-01 1.052049326130002793e+00 1.096188017782091517e+00
1.102003203845296930e+00 1.447539538261673142e+00 1.743010884681003514e+00
1.102003203845296930e+00 1.488194782513382775e+00 1.743010884681003514e+00
9.511383466442039358e-01 1.041596883438500987e+00 1.117146228433679944e+00
1.102003203845296930e+00 1.435641878527294857e+00 1.113809547618597406e+00
1.102003203845296930e+00 1.410433262503360652e+00 1.743010884681003514e+00
1.102003203845296930e+00 1.460551840901682663e+00 1.743010884681003514e+00
1.102003203845296930e+00 1.525906300195689402e+00 1.743010884681003514e+00
1.102003203845296930e+00 1.361099793248972567e+00 1.743010884681003514e+00
9.511383466442039358e-01 1.070507908627060578e+00 1.096188017782091517e+00
1.765645478335933882e+00 1.839762561152169074e+00 1.955728412093179269e+00
1.042113131119194680e+00 1.110525115186316025e+00 1.195613801245697605e+00
1.042113131119194680e+00 1.164607088173609695e+00 1.195613801245697383e+00
1.765645478335933882e+00 1.821443811154022541e+00 1.955728412093179269e+00
1.573600652769132857e+00 1.850617888684928491e+00 1.871082146599266416e+00
1.765645478335934548e+00 1.821081881758496168e+00 1.765645478335934548e+00
1.102003203845297374e+00 1.433630405409530351e+00 1.102003203845297374e+00
1.765645478335933882e+00 1.841282334044433311e+00 1.777885706356147066e+00
9.511383466442040469e-01 1.069364776582665044e+00 1.096188017782091739e+00
9.511383466442040469e-01 1.084096943939198088e+00 1.096188017782091517e+00
1.102003203845296930e+00 1.430752906940804481e+00 1.743010884681003514e+00
1.765645478335933882e+00 1.849166213121273161e+00 1.765645478335933882e+00
9.511383466442040469e-01 1.039299081166025207e+00 1.096188017782091739e+00
9.511383466442040469e-01 1.046731852187294365e+00 1.096188017782091739e+00
9.511383466442039358e-01 1.098766232996966963e+00 1.096188017782091517e+00
9.511383466442039358e-01 1.092675064811514662e+00 1.096188017782091517e+00
1.042113131119194680e+00 1.156535471977539142e+00 1.195613801245697383e+00
1.765645478335934104e+00 1.847430673636999643e+00 1.955728412093179269e+00
2.192871970470666732e+00 2.531035141624213836e+00 2.416595955848907629e+00
1.042113131119194680e+00 1.158470127417305262e+00 1.195613801245697605e+00
1.042113131119194680e+00 1.186058882683532989e+00 1.195613801245697605e+00
1.765645478335933882e+00 1.868545050230603355e+00 1.777885706356147066e+00
1.102003203845296930e+00 1.326039615915104664e+00 1.743010884681003514e+00
1.102003203845296930e+00 1.333422151079611373e+00 1.743010884681003514e+00
1.102003203845296930e+00 1.393757011160092762e+00 1.743010884681003514e+00
9.511383466442039358e-01 1.052205942275085127e+00 1.117146228433679944e+00
1.102003203845296930e+00 1.407042793462230490e+00 1.743010884681003514e+00
9.511383466442039358e-01 1.081122321379525131e+00 1.117146228433680166e+00
1.102003203845296930e+00 1.335874660544368764e+00 1.743010884681003514e+00
1.102003203845296930e+00 1.540630316411443879e+00 1.743010884681003514e+00
1.102003203845296930e+00 1.466088231133122033e+00 1.743010884681003514e+00
1.102003203845296930e+00 1.451970487482854733e+00 1.743010884681003514e+00
