7.774768196902021034e-01 9.118413913664816794e-01 9.699170975611715040e-01
7.774768196902017703e-01 9.535447670165979606e-01 9.699170975611717260e-01
8.944182611132672767e-01 1.025319816130331851e+00 1.044012665402176410e+00
1.018832025945488606e+00 1.401015438796592960e+00 1.018832025945488828e+00
1.138012175164415662e+00 1.526880149995888392e+00 1.820712817527727623e+00
8.944182611132667216e-01 1.003178980018458732e+00 1.065164691720120738e+00
1.549259484870102455e+00 1.673505601320091074e+00 1.571960596734187421e+00
8.944182611132667216e-01 1.001287330554695654e+00 1.044012665402176410e+00
7.135929107807557070e-01 8.464394693170508299e-01 9.198881540903223186e-01
7.774768196902021034e-01 8.896688008038576845e-01 9.699170975611715040e-01
8.169983281058735836e-01 9.263310968096446496e-01 9.762164030114817148e-01
7.774768196902021034e-01 9.456402279577920122e-01 9.699170975611715040e-01
1.018832025945488606e+00 1.306494570891332696e+00 1.018832025945488606e+00
7.135929107807551519e-01 8.461282018319049580e-01 9.198881540903225407e-01
1.018832025945488606e+00 1.437444946852107108e+00 1.891834532350650022e+00
1.018832025945488606e+00 1.520971677994353843e+00 1.018832025945488606e+00
7.774768196902023254e-01 9.038966321715005137e-01 9.699170975611717260e-01
1.018832025945488606e+00 1.368359450239347908e+00 1.891834532350650022e+00
1.018832025945488606e+00 1.419230192824349812e+00 1.891834532350650022e+00
7.135929107807551519e-01 9.007589379791312023e-01 9.198881540903225407e-01
1.018832025945488606e+00 1.390021302033579653e+00 1.891834532350650022e+00
1.018832025945488606e+00 1.462880318144608172e+00 1.891834532350650022e+00
1.018832025945488606e+00 1.451886181381594865e+00 1.383127106500630532e+00
1.018832025945488606e+00 1.306494570891332918e+00 1.018832025945488606e+00
1.018832025945488606e+00 1.346371176713321516e+00 1.891834532350650022e+00
1.018832025945488606e+00 1.313715188156076685e+00 1.891834532350650022e+00
1.018832025945488606e+00 1.350144696211591056e+00 1.018832025945488606e+00
1.018832025945488606e+00 1.357365313476334823e+00 1.891834532350650022e+00
1.018832025945488606e+00 1.291726914630050294e+00 1.018832025945488606e+00
1.018832025945488606e+00 1.320935805420820675e+00 1.018832025945488606e+00
1.018832025945488606e+00 1.404462536563067410e+00 1.891834532350650022e+00
1.018832025945488606e+00 1.433671427353837791e+00 1.018832025945488606e+00
1.018832025945488606e+00 1.390021302033579875e+00 1.018832025945488606e+00
7.774768196902021034e-01 8.916808501166328949e-01 9.699170975611715040e-01
8.169983281058735836e-01 9.382420271691918057e-01 9.762164030114817148e-01
1.549259484870102455e+00 1.651852035584089551e+00 1.571960596734186977e+00
7.135929107807557070e-01 8.772206955981471932e-01 9.198881540903222076e-01
7.135929107807557070e-01 8.988299763733872405e-01 9.198881540903222076e-01
1.549259484870102455e+00 1.633603636627700695e+00 1.936928575861965651e+00
8.944182611132667216e-01 1.044215127844883018e+00 1.044012665402176410e+00
1.892657375937391251e+00 2.343069548320022566e+00 2.600163517042207051e+00
1.549259484870102455e+00 1.637008803407313140e+00 1.571960596734187421e+00
7.774768196902021034e-01 9.485359879568022734e-01 9.699170975611715040e-01
7.774768196902021034e-01 9.647649435576935995e-01 9.699170975611715040e-01
7.774768196902023254e-01 9.411792907118077256e-01 9.699170975611717260e-01
8.944182611132664995e-01 1.008181660484091413e+00 1.065164691720120738e+00
1.018832025945488606e+00 1.426450810089093801e+00 1.018832025945488606e+00
7.135929107807551519e-01 8.965687166296161248e-01 9.198881540903225407e-01
1.018832025945488606e+00 1.353591793978065727e+00 1.891834532350650022e+00
1.018832025945488606e+00 1.251850308808061474e+00 1.018832025945488606e+00
1.018832025945488606e+00 1.295500434128319611e+00 1.018832025945488606e+00
1.018832025945488606e+00 1.339150559448577749e+00 1.891834532350650022e+00
1.018832025945488606e+00 1.375580067504091897e+00 1.018832025945488606e+00
7.774768196902021034e-01 9.374579385578059032e-01 1.029133195652012667e+00
7.135929107807557070e-01 8.933338526037981620e-01 9.198881540903222076e-01
1.018832025945488606e+00 1.390021302033579653e+00 1.018832025945488606e+00
7.774768196902023254e-01 9.102113324887859402e-01 9.699170975611717260e-01
7.135929107807551519e-01 8.899788445277316828e-01 9.198881540903225407e-01
1.018832025945488606e+00 1.320935805420820675e+00 1.383127106500630088e+00
1.018832025945488606e+00 1.408236056061336949e+00 1.383127106500630532e+00
1.018832025945488606e+00 1.444665564116851098e+00 1.383127106500630088e+00
1.018832025945488606e+00 1.320935805420820675e+00 1.018832025945488606e+00
7.135929107807557070e-01 8.591648074846623961e-01 9.198881540903223186e-01
1.549259484870102455e+00 1.615355237671311617e+00 1.549259484870102455e+00
7.774768196902017703e-01 9.393287418246110132e-01 1.068489852702524168e+00
7.774768196902021034e-01 8.823107991951857354e-01 9.699170975611715040e-01
1.549259484870102455e+00 1.675775712506499371e+00 1.571960596734187421e+00
1.375177015755241428e+00 1.831895401486114183e+00 1.943727167924299337e+00
8.169983281058735836e-01 9.667314799466518727e-01 9.762164030114819369e-01
7.774768196902017703e-01 9.220745107002134011e-01 9.699170975611717260e-01
8.944182611132672767e-01 1.028658291781941125e+00 1.065164691720120738e+00
7.135929107807557070e-01 8.931831317256136993e-01 9.618240522625305378e-01
7.135929107807557070e-01 8.688559256912938844e-01 9.198881540903222076e-01
1.018832025945488606e+00 1.215420800752547326e+00 1.018832025945488606e+00
8.169983281058735836e-01 9.389745252750627547e-01 9.762164030114817148e-01
7.135929107807557070e-01 8.656244301331813551e-01 1.000566115482089069e+00
7.135929107807557070e-01 9.030283392781358609e-01 9.198881540903222076e-01
7.135929107807557070e-01 9.092906863295219244e-01 9.198881540903223186e-01
7.135929107807557070e-01 9.081745027245237134e-01 9.198881540903223186e-01
7.774768196902021034e-01 9.486646295525096306e-01 9.699170975611715040e-01
1.549259484870102455e+00 1.675775712506499815e+00 1.571960596734186977e+00
1.399698672575428349e+00 1.686398216913271852e+00 1.619327921834522233e+00
7.774768196902017703e-01 9.132331535780997545e-01 9.699170975611717260e-01
7.774768196902017703e-01 9.371263410414277795e-01 9.699170975611717260e-01
8.944182611132667216e-01 9.964152369689113220e-01 1.065164691720120738e+00
1.018832025945488606e+00 1.382800684768835886e+00 1.018832025945488606e+00
1.018832025945488606e+00 1.339150559448577749e+00 1.018832025945488606e+00
1.018832025945488606e+00 1.346371176713321516e+00 1.891834532350650022e+00
7.774768196902023254e-01 9.778059253840600817e-01 9.699170975611717260e-01
1.018832025945488606e+00 1.451886181381594643e+00 1.891834532350650022e+00
7.774768196902023254e-01 9.668359824543916181e-01 9.699170975611717260e-01
1.018832025945488606e+00 1.430224329587363119e+00 1.018832025945488606e+00
1.018832025945488606e+00 1.339150559448577749e+00 1.891834532350650022e+00
1.018832025945488606e+00 1.371806548005822801e+00 1.018832025945488606e+00
1.018832025945488606e+00 1.426450810089094023e+00 1.018832025945488606e+00
