6.697955662759971673e+00 6.697955662759971673e+00 6.697955662759971673e+00
6.697955662759971673e+00 6.697955662759971673e+00 6.697955662759971673e+00
6.697955662759971673e+00 6.697955662759971673e+00 6.697955662759971673e+00
6.697955662759971673e+00 6.697955662759971673e+00 6.697955662759971673e+00
6.697955662759971673e+00 6.697955662759971673e+00 6.697955662759971673e+00
6.697955662759971673e+00 6.697955662759971673e+00 6.697955662759971673e+00
6.697955662759971673e+00 6.697955662759971673e+00 6.697955662759971673e+00
6.697955662759971673e+00 6.697955662759971673e+00 6.697955662759971673e+00
6.697955662759971673e+00 6.697955662759971673e+00 6.697955662759971673e+00
6.697955662759971673e+00 6.697955662759971673e+00 6.697955662759971673e+00
6.697955662759971673e+00 6.697955662759971673e+00 6.697955662759971673e+00
6.697955662759971673e+00 6.697955662759971673e+00 6.697955662759971673e+00
6.697955662759971673e+00 6.697955662759971673e+00 6.697955662759971673e+00
6.697955662759971673e+00 6.697955662759971673e+00 6.697955662759971673e+00
6.697955662759971673e+00 6.697955662759971673e+00 6.697955662759971673e+00
6.697955662759971673e+00 6.697955662759971673e+00 6.697955662759971673e+00
6.697955662759971673e+00 6.697955662759971673e+00 6.697955662759971673e+00
6.697955662759971673e+00 6.697955662759971673e+00 6.697955662759971673e+00
6.697955662759971673e+00 6.697955662759971673e+00 6.697955662759971673e+00
6.697955662759971673e+00 6.697955662759971673e+00 6.697955662759971673e+00
6.697955662759971673e+00 6.697955662759971673e+00 6.697955662759971673e+00
6.697955662759971673e+00 6.697955662759971673e+00 6.697955662759971673e+00
6.697955662759971673e+00 6.697955662759971673e+00 6.697955662759971673e+00
6.697955662759971673e+00 6.697955662759971673e+00 6.697955662759971673e+00
6.697955662759971673e+00 6.697955662759971673e+00 6.697955662759971673e+00
6.697955662759971673e+00 6.697955662759971673e+00 6.697955662759971673e+00
6.697955662759971673e+00 6.697955662759971673e+00 6.697955662759971673e+00
6.697955662759971673e+00 6.697955662759971673e+00 6.697955662759971673e+00
6.697955662759971673e+00 6.697955662759971673e+00 6.697955662759971673e+00
6.697955662759971673e+00 6.697955662759971673e+00 6.697955662759971673e+00
6.697955662759971673e+00 6.697955662759971673e+00 6.697955662759971673e+00
