2.702305756605322795e+00 2.786909320764541231e+00 2.813291849514246934e+00
2.702305756605322795e+00 2.778887744460281972e+00 2.723826139544072600e+00
2.702305756605322795e+00 2.784428984597140389e+00 2.723826139544073044e+00
2.702305756605322795e+00 2.751297946086595836e+00 2.702305756605323239e+00
2.702305756605322795e+00 2.763014109432339716e+00 2.751542617425387860e+00
2.702305756605322795e+00 2.769498837388353341e+00 2.813291849514246934e+00
2.702305756605322795e+00 2.760700926736293859e+00 2.702305756605322795e+00
2.702305756605322795e+00 2.765944846183238326e+00 2.813291849514246934e+00
2.702305756605322795e+00 2.768891711951312118e+00 2.813291849514246934e+00
2.702305756605322795e+00 2.751141221233051049e+00 2.723826139544073044e+00
2.702305756605322795e+00 2.770256987279576144e+00 2.813291849514246934e+00
2.702305756605322795e+00 2.770566792026703418e+00 2.813291849514246934e+00
2.702305756605322795e+00 2.765952910691825917e+00 2.813291849514246934e+00
2.702305756605322795e+00 2.778887744460281972e+00 2.853359408492604832e+00
2.702305756605322795e+00 2.781208991664915864e+00 2.813291849514246934e+00
2.702305756605322795e+00 2.774581612433127731e+00 2.723826139544073044e+00
2.702305756605322795e+00 2.757915205370391476e+00 2.853359408492604832e+00
2.702305756605322795e+00 2.779969772676402329e+00 2.723826139544073044e+00
2.702305756605322795e+00 2.761312471721962147e+00 2.702305756605322795e+00
2.702305756605322795e+00 2.767177590183720781e+00 2.723826139544072600e+00
2.702305756605322795e+00 2.757774609534022314e+00 2.813291849514246934e+00
2.702305756605322795e+00 2.745579432530390829e+00 2.702305756605323239e+00
2.702305756605322795e+00 2.762086750630360577e+00 2.702305756605323239e+00
2.702305756605322795e+00 2.801569985769136739e+00 2.813291849514246934e+00
2.702305756605322795e+00 2.758697548787375720e+00 2.723826139544073044e+00
2.702305756605322795e+00 2.786764305379545448e+00 2.813291849514246934e+00
2.702305756605322795e+00 2.765327292128386460e+00 2.723826139544073044e+00
2.702305756605322795e+00 2.769792513118307653e+00 2.723826139544072600e+00
2.702305756605322795e+00 2.789988717860396150e+00 2.813291849514246934e+00
2.702305756605322795e+00 2.758701968336001897e+00 2.702305756605322795e+00
2.702305756605322795e+00 2.768875582934137380e+00 2.702305756605322795e+00
