1.847112636096515326e+00 2.087800326626212843e+00 1.974362631361692433e+00
1.782241417884107504e+00 2.001552673994766884e+00 2.272307527920957249e+00
2.310617294800433541e+00 2.411214071249822233e+00 2.349192839312756131e+00
1.804376226421312124e+00 1.999041901998223736e+00 1.804376226421312124e+00
2.774278825778253577e+00 2.903272717682171766e+00 2.774278825778254021e+00
2.285641335399762220e+00 2.409991332561519872e+00 2.285641335399762220e+00
1.804376226421311902e+00 1.995140800093286426e+00 1.804376226421311902e+00
1.847112636096515326e+00 2.141865670252461218e+00 1.847112636096515326e+00
2.285641335399762220e+00 2.426414851272717499e+00 2.345888872774715583e+00
1.782241417884107504e+00 1.975495516663349438e+00 1.782241417884107504e+00
1.847112636096515326e+00 2.132166105828170011e+00 2.406015598150624157e+00
1.847112636096515326e+00 2.134093271868655606e+00 2.406015598150622825e+00
2.285641335399762220e+00 2.422779416881138292e+00 2.501738021002348766e+00
2.702756885215464422e+00 2.806067456726147213e+00 2.722055971118525264e+00
2.285641335399762220e+00 2.433161348084940112e+00 2.366808084757897390e+00
1.782241417884107504e+00 1.902832423986390298e+00 2.272307527920957249e+00
2.702756885215464422e+00 2.820698283238932458e+00 2.818794514323401668e+00
1.782241417884107504e+00 1.960352085474599715e+00 2.272307527920957249e+00
1.804376226421311902e+00 2.041660878329069728e+00 2.277098959529992417e+00
1.782241417884107504e+00 1.991524261716652422e+00 2.197505227392744231e+00
1.847112636096515326e+00 2.001890112952305678e+00 2.397379193619043392e+00
2.300843034047382663e+00 2.510524144573603955e+00 2.501705822885896158e+00
1.804376226421312124e+00 2.008941561445806379e+00 2.212886135513746577e+00
1.847112636096515326e+00 2.101429826963221004e+00 2.117793334152795470e+00
2.310617294800433541e+00 2.454471568208401955e+00 2.559675894674700913e+00
2.285641335399762220e+00 2.432556269077449596e+00 2.285641335399762220e+00
2.310617294800433541e+00 2.463303206695917069e+00 2.551628664182464590e+00
1.782241417884107504e+00 2.065129493570892816e+00 1.928412055810583725e+00
2.285641335399762220e+00 2.441570368567982818e+00 2.501738021002348322e+00
1.804376226421311902e+00 1.984295971525327218e+00 1.804376226421311902e+00
