1.043507852965947169e+00 1.383312486605847713e+00 1.406626094985022890e+00
1.274537882837362135e+00 1.616812647082875198e+00 1.510460106625875598e+00
2.078069969182345211e+00 2.561859745182009096e+00 2.078069969182345211e+00
1.810902491322069263e+00 2.009414187534880103e+00 2.191405001671627328e+00
1.694462629685754784e+00 2.042238472381049164e+00 2.475805173385308144e+00
1.328296295483124556e+00 1.657775391584291214e+00 1.633690039606281230e+00
1.021288674553852971e+00 1.305158822180001454e+00 1.252387385238332485e+00
1.548540232329950639e+00 1.817735677078192724e+00 1.937998372453825002e+00
2.089397848422320791e+00 2.503791022250091203e+00 2.861539951063208242e+00
1.283123110367067499e+00 1.598225395222188094e+00 1.780484933133851477e+00
1.274537882837362135e+00 1.667238723814902013e+00 1.301652794947146363e+00
1.142216575183930161e+00 1.492887446601420809e+00 1.157657794957419162e+00
1.864705600638683070e+00 2.085288703266590105e+00 2.456010023483786053e+00
1.763727633839536457e+00 2.143972559303117809e+00 2.502350957588947988e+00
2.280726061790536274e+00 2.735277112021797574e+00 2.912492633999611780e+00
1.274537882837362357e+00 1.526417144096451795e+00 2.193843953637597988e+00
1.525430409616995497e+00 1.956385721252402732e+00 2.271332580291588243e+00
1.274537882837362357e+00 1.518543274952154354e+00 2.193843953637597988e+00
1.414114200406719757e+00 1.682808949021693534e+00 2.246224519002917752e+00
1.274537882837362135e+00 1.676058856526060792e+00 1.274537882837362135e+00
1.274537882837362135e+00 1.637803481850461207e+00 1.510460106625875598e+00
1.513934766847589097e+00 1.870629333339348221e+00 1.948020473587396273e+00
1.274537882837362357e+00 1.730831276614806624e+00 2.193917551152171352e+00
1.649416810157036561e+00 1.841815832769844175e+00 1.765228317182909956e+00
1.864705600638683514e+00 2.070222811971963228e+00 1.864705600638683514e+00
1.810902491322069263e+00 2.021605291768192370e+00 2.218831341419424952e+00
1.136484908461985022e+00 1.401055606385694485e+00 1.156879074112014516e+00
1.615164147456192634e+00 2.150107621181920337e+00 1.839369937474039762e+00
1.864705600638683514e+00 2.117247277811348916e+00 1.864727536511349149e+00
