9.136732955521882360e-01 1.226365358060963917e+00 1.395021991671872241e+00
8.668973110075721689e-01 1.491962416806468461e+00 9.297689199535023041e-01
1.783602353260117290e+00 2.011764014032832115e+00 2.214287891759844751e+00
1.759825134145218017e+00 1.965949136365502170e+00 2.160527888969955956e+00
1.587169375147814643e+00 1.948262226572648359e+00 2.464589219849117274e+00
9.758268646113841260e-01 1.342365808781101455e+00 9.758268646113841260e-01
9.136732955521883470e-01 1.282433960203434475e+00 1.395021991671872463e+00
1.474548005051291799e+00 1.764583463137632702e+00 1.938666045012402694e+00
2.043033394870770625e+00 2.504322888868169006e+00 2.861488247354766923e+00
1.249305954719508005e+00 1.575731215458332501e+00 1.585877032508372642e+00
9.136732955521883470e-01 1.283846315431166119e+00 1.395021991671872463e+00
1.296798906708619858e+00 1.590941829015744213e+00 1.477213310177535321e+00
1.862218258179925146e+00 2.061001927163089498e+00 1.915504645400452288e+00
1.644494263373217136e+00 2.099281388035818097e+00 1.644494263373217136e+00
2.251492005793378048e+00 2.650351903683551225e+00 2.904519042862851563e+00
1.271841762257798436e+00 1.429230952304642033e+00 1.507431982597184694e+00
1.414384090260227156e+00 1.721338773687474788e+00 1.933419150928521901e+00
1.271841762257798436e+00 1.575057717614019026e+00 2.191305959531697489e+00
1.408969291414565062e+00 1.763967080791490449e+00 1.423772588759370405e+00
9.020340224215173119e-01 1.269481155679744067e+00 1.386123213498303253e+00
8.668973110075721689e-01 1.397874001408829781e+00 1.788333240039900573e+00
1.474548005051292243e+00 1.789504173756785388e+00 1.938780447476961655e+00
1.272121506659781298e+00 1.684742692801667108e+00 2.190680081278171709e+00
1.296798906708619858e+00 1.588502865010486431e+00 1.477213310177535321e+00
1.847498700289478712e+00 2.368295698196420052e+00 1.847498700289478712e+00
1.787390255540196371e+00 2.001355857898997836e+00 2.164748771230185831e+00
1.294242299217813308e+00 1.594488989637965703e+00 1.730528768266918371e+00
1.589761331151956947e+00 1.850086188257773712e+00 1.770322417664211390e+00
1.847696702582061423e+00 2.473434559810726796e+00 2.131843298629815475e+00
