1.523972228931550044e+00 1.795102883732884624e+00 1.751684021359268151e+00
1.422289686843944301e+00 1.782176636746269027e+00 1.945737414659239217e+00
2.123951290470466713e+00 2.485277987283823542e+00 2.880744971555592837e+00
1.362231668681732399e+00 1.644020012665688757e+00 1.362231668681732399e+00
1.721422220606076303e+00 2.049581458187841321e+00 2.547108025255702568e+00
1.362231668681732399e+00 1.717812410696727854e+00 1.851767599455981461e+00
1.362231668681732177e+00 1.654158138609725937e+00 1.667787994283261410e+00
1.607442656615142074e+00 1.875944161575875402e+00 2.016358451172666655e+00
2.142113408105901229e+00 2.565554095720267824e+00 2.889975426582560125e+00
1.346113249435516135e+00 1.651330540108486122e+00 1.821621060777351975e+00
1.466376914725870950e+00 1.807827410940361146e+00 2.156315479425207293e+00
1.466376914725871172e+00 1.754743354572756875e+00 1.514918995152313652e+00
2.123195952287647792e+00 2.329227361129362794e+00 2.458544993172142590e+00
1.788232844370616137e+00 2.181686766751138151e+00 2.585611798729446686e+00
2.450580231420500965e+00 2.791272920968638438e+00 2.807607462963500833e+00
1.422289686843944523e+00 1.641194745648870468e+00 1.945737414659239217e+00
1.798866047908292298e+00 2.040462492254838889e+00 2.298460009944255589e+00
1.422289686843944523e+00 1.660749926606926774e+00 1.945737414659239217e+00
1.422289686843944301e+00 1.795078959649546446e+00 2.250905274897001096e+00
1.448305236246582473e+00 1.858383441570565342e+00 2.151409658096414823e+00
1.448305236246582473e+00 1.780248249713948017e+00 2.151409658096414823e+00
1.607442656615142074e+00 1.917487242659668523e+00 1.993838276855075087e+00
1.466376914725871172e+00 1.752930303994912675e+00 2.156315479425207293e+00
1.678934421031856417e+00 2.142603312470432009e+00 1.842293162191853462e+00
2.040432198186665325e+00 2.246853030007327945e+00 2.470360388868243273e+00
1.362231668681732399e+00 1.662982413333088827e+00 1.362231668681732399e+00
1.498392110974859692e+00 1.733537663641607551e+00 1.782341280273244788e+00
1.721422220606076303e+00 2.199734829234118116e+00 2.492756175535295604e+00
2.123195952287647792e+00 2.336222229059306432e+00 2.458544993172142590e+00
1.362231668681732177e+00 1.674871223686157151e+00 1.362231668681732177e+00
