0.99797 0.40393 0.73864
0.99871 0.51014 0.82426
0.57437 0.32160 0.00174
0.99803 0.57756 0.51392
0.76155 0.39965 0.00202
0.72614 0.40265 0.00127
0.99803 0.67253 0.72614
0.99803 0.61082 0.99803
0.57437 0.32787 0.00174
0.99803 0.52296 0.99803
0.99871 0.53493 0.82426
0.99871 0.54258 0.26159
0.56813 0.43592 0.06773
0.76155 0.38772 0.00202
0.49008 0.32898 0.31976
0.99871 0.50671 0.82426
0.89300 0.50078 0.32355
0.99871 0.52116 0.82426
0.99871 0.48144 0.99871
0.99871 0.49703 0.82426
0.99871 0.50971 0.82426
0.72614 0.56576 0.51392
0.99871 0.51486 0.82426
0.99725 0.48579 0.31237
0.56813 0.43990 0.06773
0.72614 0.53363 0.51392
0.74876 0.37086 0.74876
0.99765 0.46917 0.99765
0.56813 0.33347 0.06773
0.99803 0.50099 0.51392
