0.99865 0.35727 0.77962
0.99879 0.60362 0.50272
0.57463 0.21848 0.57463
0.99826 0.44820 0.99826
0.99766 0.47479 0.99766
0.99803 0.55128 0.72608
0.99867 0.49243 0.76907
0.72660 0.37505 0.51380
0.57463 0.32464 0.00232
0.72660 0.50431 0.00127
0.99879 0.50609 0.31103
0.99867 0.42724 0.52280
0.59139 0.55341 0.00107
0.99766 0.39991 0.99766
0.38494 0.18731 0.00156
0.99879 0.52131 0.99879
0.99724 0.60337 0.99724
0.99879 0.58445 0.99879
0.99871 0.51259 0.99871
0.99879 0.47002 0.31103
0.99879 0.59404 0.50272
0.99826 0.52186 0.99826
0.99879 0.61884 0.99879
0.99770 0.36718 0.94241
0.59139 0.46486 0.52234
0.99826 0.40904 0.00129
0.99863 0.50276 0.52280
0.76249 0.46016 0.26616
0.59139 0.41274 0.52234
