0.77416 0.46650 0.23655
0.77416 0.48741 0.77416
0.57062 0.37783 0.57062
0.77416 0.53012 0.21276
0.42558 0.38695 0.42558
0.57062 0.41794 0.50737
0.77416 0.40180 0.21276
0.77416 0.46291 0.21276
0.57062 0.45098 0.57062
0.77416 0.50688 0.21276
0.77416 0.49349 0.77416
0.77416 0.43231 0.77416
0.57062 0.47234 0.14555
0.42558 0.36292 0.42558
0.57062 0.36056 0.52379
0.77416 0.44836 0.77416
0.42558 0.36501 0.36293
0.77416 0.48118 0.77416
0.77416 0.41030 0.77416
0.77416 0.48118 0.77416
0.77416 0.45798 0.77416
0.57062 0.41871 0.50737
0.77416 0.54973 0.77416
0.77416 0.42872 0.57906
0.57062 0.35584 0.14555
0.57062 0.42667 0.50737
0.57062 0.46443 0.49204
0.77416 0.52145 0.50639
0.57062 0.43612 0.14555
0.77416 0.58263 0.21276
