7.384238481754535899e-01 9.344950847562440988e-01 9.410453914966493416e-01
1.052447082262602196e+00 1.325074948575752698e+00 1.401301171975179560e+00
1.935759759689573478e+00 2.352087733528261282e+00 1.935759759689573478e+00
1.580689426600568881e+00 1.789092689481839971e+00 1.924680145983777013e+00
1.681170270077354312e+00 1.943116670112139843e+00 2.324229932048671898e+00
1.070036145100560221e+00 1.157031463270477456e+00 1.214912717379418083e+00
8.015776510715045822e-01 9.471673676168602674e-01 9.905987763554291448e-01
1.053230836841740903e+00 1.161149264943800885e+00 1.053230836841740903e+00
1.935759759689573922e+00 2.252082036048460800e+00 2.740289227168132946e+00
1.053230836841740903e+00 1.179958229177660023e+00 1.315567644561084659e+00
1.052447082262602196e+00 1.443946177246699270e+00 1.052447082262602196e+00
8.015776510715043601e-01 9.015117560525203189e-01 8.229981830165048473e-01
1.563658280315805227e+00 1.649898826677792085e+00 1.940150283643220952e+00
1.681170270077354312e+00 1.944762194252160459e+00 2.324229932048671898e+00
2.220241726872311805e+00 2.612030030267768144e+00 2.902007641824519091e+00
1.052447082262602196e+00 1.303752445939993176e+00 1.892305279259488104e+00
1.458070158298152563e+00 1.830648418386142895e+00 2.266148090746793020e+00
1.052447082262602196e+00 1.384510562911226206e+00 1.892305279259488104e+00
1.133114180969388318e+00 1.448134356053599747e+00 1.899827910541871168e+00
1.052447082262602196e+00 1.485939087096543654e+00 1.052447082262602196e+00
1.052447082262602196e+00 1.517596793339345718e+00 1.401301171975179560e+00
1.580689426600568881e+00 1.788592390116148678e+00 1.924680145983777679e+00
1.052447082262602196e+00 1.349625153939968403e+00 1.892305279259488104e+00
1.363749103171763455e+00 1.568181652024741135e+00 1.561958308111881077e+00
1.563658280315805005e+00 1.700901554328652754e+00 1.563658280315805005e+00
1.580689426600568881e+00 1.804880743120407249e+00 1.934686133297608412e+00
8.015776510715045822e-01 9.732839661165411105e-01 8.229981830165054024e-01
1.638601020638255745e+00 1.867677153051100714e+00 1.696464712097154326e+00
1.563658280315805005e+00 1.700901554328652754e+00 1.563658280315805671e+00
