2.290966259380213810e+00 2.385174877350658917e+00 2.290966259380213810e+00
2.290966259380213810e+00 2.343304380474905191e+00 2.290966259380213810e+00
2.290966259380213810e+00 2.353772004693843733e+00 2.290966259380213810e+00
2.290966259380213810e+00 2.343304380474905191e+00 2.290966259380213810e+00
2.290966259380213810e+00 2.385174877350658917e+00 2.500318743758981554e+00
2.290966259380213810e+00 2.343304380474905191e+00 2.290966259380213810e+00
2.290966259380213810e+00 2.406110125788536003e+00 2.290966259380213810e+00
2.290966259380213810e+00 2.395642501569597460e+00 2.290966259380213810e+00
2.290966259380213810e+00 2.374707253131720375e+00 2.290966259380213810e+00
2.290966259380213810e+00 2.364239628912781832e+00 2.290966259380213810e+00
2.290966259380213810e+00 2.374707253131720375e+00 2.290966259380213810e+00
2.290966259380213810e+00 2.364239628912782276e+00 2.290966259380213810e+00
2.290966259380213810e+00 2.343304380474905191e+00 2.290966259380213810e+00
2.290966259380213810e+00 2.374707253131720375e+00 2.500318743758981554e+00
2.290966259380213810e+00 2.416577750007474101e+00 2.290966259380213810e+00
2.290966259380213810e+00 2.343304380474905191e+00 2.290966259380213810e+00
2.290966259380213810e+00 2.332836756255967092e+00 2.500318743758981554e+00
2.290966259380213810e+00 2.364239628912781832e+00 2.290966259380213810e+00
2.290966259380213810e+00 2.353772004693843733e+00 2.290966259380213810e+00
2.290966259380213810e+00 2.374707253131720375e+00 2.290966259380213810e+00
2.290966259380213810e+00 2.374707253131720375e+00 2.290966259380213810e+00
2.290966259380213810e+00 2.353772004693843733e+00 2.290966259380213810e+00
2.290966259380213810e+00 2.374707253131720375e+00 2.290966259380213810e+00
2.290966259380213810e+00 2.353772004693843733e+00 2.290966259380213810e+00
2.290966259380213810e+00 2.332836756255966648e+00 2.290966259380213810e+00
2.290966259380213810e+00 2.332836756255966648e+00 2.290966259380213810e+00
2.290966259380213810e+00 2.332836756255966648e+00 2.290966259380213810e+00
2.290966259380213810e+00 2.343304380474905191e+00 2.290966259380213810e+00
2.290966259380213810e+00 2.353772004693843733e+00 2.290966259380213810e+00
2.290966259380213810e+00 2.364239628912781832e+00 2.290966259380213810e+00
2.290966259380213810e+00 2.332836756255967092e+00 2.290966259380213810e+00
