1.039171141353018024e+00 1.174064010092906507e+00 1.167940380233840170e+00
1.172372286891733451e+00 1.531985742500581171e+00 1.765446321823697318e+00
2.024023636848936825e+00 2.329693582781529493e+00 2.768402170472328727e+00
1.126641612331822140e+00 1.255280252206585345e+00 1.126641612331822140e+00
1.755203325161095229e+00 2.110161756904854524e+00 2.390072407977010371e+00
1.126641612331822140e+00 1.232380687774332184e+00 1.372990826441193857e+00
1.126641612331822362e+00 1.247998755052523778e+00 1.263066056354901656e+00
1.126641612331822362e+00 1.237112972622069540e+00 1.358217809684444388e+00
2.024023636848937269e+00 2.427714318518215286e+00 2.768402170472328727e+00
1.126641612331822140e+00 1.230459199148591143e+00 1.358217809684444388e+00
1.172372286891733451e+00 1.393545294949441793e+00 1.765446321823697318e+00
1.172372286891733451e+00 1.463667353358780066e+00 1.172372286891733451e+00
1.795786437237831823e+00 1.876933219463039704e+00 1.989164179882895400e+00
1.755203325161095229e+00 1.975648261786594917e+00 2.390072407977010815e+00
2.272914080400979309e+00 2.551869719785039070e+00 2.581935519789850364e+00
1.172372286891733451e+00 1.466521721527658473e+00 1.765446321823697318e+00
1.729710758245124103e+00 2.045224666431971094e+00 1.992295849097555305e+00
1.172372286891733451e+00 1.362056577685343939e+00 1.765446321823697318e+00
1.172372286891733451e+00 1.375130208191093661e+00 1.904025793042780856e+00
1.172372286891733451e+00 1.497987523706914903e+00 1.765446321823697318e+00
1.172372286891733451e+00 1.458916367769329314e+00 1.765446321823697318e+00
1.126641612331822362e+00 1.208542576434193050e+00 1.126641612331822362e+00
1.172372286891733451e+00 1.516675549851072891e+00 1.765446321823697318e+00
1.729710758245124325e+00 1.967901809009445557e+00 1.755264678636688114e+00
1.795786437237831823e+00 1.877760781278026370e+00 1.989164179882895400e+00
1.126641612331822140e+00 1.258026016008678249e+00 1.126641612331822140e+00
1.039171141353017802e+00 1.151806227375014036e+00 1.187824529094659409e+00
1.755203325161095229e+00 2.025931503852282933e+00 2.345530973875329828e+00
1.795786437237831823e+00 1.931007196107039192e+00 1.989164179882895622e+00
1.126641612331822362e+00 1.229263825528387644e+00 1.126641612331822362e+00
