1.586415519460722123e+00 1.616579235976867590e+00 1.630932384837611382e+00
1.622689866611179088e+00 1.718864799071529337e+00 1.943736724807476168e+00
2.569656911089560847e+00 2.738580009079225164e+00 2.884000789708101919e+00
1.649733221593542742e+00 1.682412535352885596e+00 1.649733221593542742e+00
2.396417800737724590e+00 2.516024350621618222e+00 2.724998946193835980e+00
1.649733221593542742e+00 1.687787836440349576e+00 1.762381051735084192e+00
1.649733221593542742e+00 1.678312580505580298e+00 1.694575954660094252e+00
1.649733221593542742e+00 1.674877143184674511e+00 1.706329134974946760e+00
2.569656911089561735e+00 2.735181648009482380e+00 2.884000789708100587e+00
1.649733221593542742e+00 1.690444932768810471e+00 1.706329134974946538e+00
1.622689866611179088e+00 1.766062231421408724e+00 1.943736724807476612e+00
1.622689866611178866e+00 1.763686526372353569e+00 1.622689866611178866e+00
2.019311957523075574e+00 2.114574365769827935e+00 2.152291153752212249e+00
2.396417800737724590e+00 2.557554626417078758e+00 2.724998946193835980e+00
2.651895793040211391e+00 2.790751992169662188e+00 2.798922083475659850e+00
1.622689866611178866e+00 1.760278962921893342e+00 1.943736724807476390e+00
2.426839664471057478e+00 2.581826236017621845e+00 2.557033443639713965e+00
1.622689866611178866e+00 1.750019554511851982e+00 1.943736724807476390e+00
1.622689866611179088e+00 1.682745813357006792e+00 2.002158066403897596e+00
1.622689866611179088e+00 1.730491116491192916e+00 1.943736724807476390e+00
1.622689866611179088e+00 1.781028263234893938e+00 1.943736724807476390e+00
1.649733221593542742e+00 1.689670808873577457e+00 1.649733221593542742e+00
1.622689866611178866e+00 1.779382511142339807e+00 1.943736724807476168e+00
2.426839664471057478e+00 2.523306982981545765e+00 2.426839664471057478e+00
2.019311957523076462e+00 2.072157074874570348e+00 2.152291153752211361e+00
1.649733221593542742e+00 1.686748963643571297e+00 1.649733221593542742e+00
1.586415519460722567e+00 1.634422955805356681e+00 1.642526119251426886e+00
2.396417800737724590e+00 2.510810306941527958e+00 2.583317969562732852e+00
2.019311957523076462e+00 2.059185384285767917e+00 2.152291153752211805e+00
1.649733221593542742e+00 1.688637423053333197e+00 1.649733221593542742e+00
