1.808025697355597039e+00 1.971992178232631732e+00 1.817131611245902834e+00
1.808025697355597261e+00 1.967511043633850987e+00 2.094653184595429263e+00
2.166514592276914009e+00 2.218173021483339724e+00 2.205625963644477050e+00
1.808025697355597261e+00 1.982166185745503739e+00 1.808025697355597261e+00
2.786042603673191120e+00 2.908800732809763367e+00 2.786042603673191120e+00
2.166514592276914453e+00 2.215280528749270950e+00 2.173288833303211209e+00
1.808025697355597261e+00 1.952724373577344519e+00 1.808025697355597261e+00
1.808025697355597039e+00 1.930731272828453582e+00 1.808025697355597039e+00
2.166514592276914453e+00 2.212485542445851383e+00 2.205625963644477938e+00
1.808025697355597039e+00 1.994698158753729134e+00 1.808025697355597039e+00
1.808025697355597261e+00 1.943913517242009004e+00 2.094653184595429707e+00
1.808025697355597039e+00 1.952595581538499214e+00 2.094653184595429263e+00
2.166514592276914453e+00 2.233088377701175187e+00 2.252578133537814331e+00
2.786042603673191564e+00 2.894352862059947906e+00 2.786042603673191564e+00
2.166514592276914009e+00 2.210609185865727078e+00 2.247865614392388967e+00
1.808025697355597039e+00 1.902740576934095484e+00 2.094653184595429707e+00
2.786042603673191564e+00 2.893157001536939443e+00 2.882361742005297600e+00
1.808025697355597039e+00 1.945062647190445304e+00 2.094653184595429707e+00
1.808025697355597261e+00 1.958028134468890569e+00 2.094653184595429263e+00
1.808025697355597261e+00 1.977773016242987847e+00 2.094653184595429263e+00
1.808025697355597261e+00 1.962204546836295860e+00 2.094653184595429263e+00
2.166514592276914009e+00 2.210034847857140328e+00 2.173288833303211209e+00
1.808025697355597261e+00 1.940082654048559174e+00 2.094653184595429263e+00
1.808025697355597039e+00 1.926077783342237337e+00 1.999824092945820198e+00
2.166514592276914009e+00 2.206462422771699572e+00 2.252578133537814331e+00
2.166514592276914453e+00 2.207115972768539880e+00 2.173288833303211209e+00
2.166514592276914009e+00 2.211369391612515223e+00 2.166514592276914009e+00
1.808025697355597261e+00 1.953179669271859709e+00 1.995488950243619719e+00
2.166514592276914009e+00 2.202527411529153767e+00 2.252578133537814331e+00
1.808025697355597261e+00 1.976058844079477073e+00 1.808025697355597261e+00
