1.734884077739156094e+00 1.751124730692514175e+00 1.777795741629050186e+00
1.889073028050286318e+00 1.996484058545413998e+00 1.968834151144144284e+00
2.680892409446351987e+00 2.739057460844519731e+00 2.680892409446351987e+00
2.517592120900114416e+00 2.536998077910925353e+00 2.517592120900114416e+00
2.869574209436271062e+00 2.904017367772623093e+00 2.899907689300018188e+00
1.944800727601018853e+00 1.959160062773069644e+00 1.953039249360661644e+00
1.763752076008385350e+00 1.780930412992801637e+00 1.802384842915184970e+00
1.804052191378277881e+00 1.811129889078144206e+00 1.804052191378277881e+00
2.680892409446352875e+00 2.738791212802955233e+00 2.791934720007879012e+00
1.804052191378277659e+00 1.819077611408556949e+00 1.832489828161491419e+00
1.889073028050286318e+00 1.948415119050736166e+00 1.889073028050286318e+00
1.763752076008385350e+00 1.792766575980104138e+00 1.770128282795717212e+00
2.082548386728936940e+00 2.115322212745742725e+00 2.186400995110973078e+00
2.869574209436271062e+00 2.906785059830203632e+00 2.899907689300018188e+00
3.064916950885907987e+00 3.129409601292795440e+00 3.171351118320761220e+00
1.889073028050286318e+00 1.942087526339543846e+00 2.071990639802999024e+00
2.979948555524052356e+00 3.028378231054772662e+00 3.012932840390529776e+00
1.889073028050286318e+00 1.952403175205429608e+00 2.071990639802999024e+00
1.895519075355059258e+00 1.985046048012420128e+00 2.066494226998360606e+00
1.889073028050286318e+00 1.957560999638371824e+00 1.889073028050286318e+00
1.889073028050286318e+00 1.958730767916621485e+00 1.968834151144144284e+00
2.517592120900114860e+00 2.541430958594503853e+00 2.517592120900114860e+00
1.889073028050286318e+00 1.931293126153714734e+00 2.071990639802999024e+00
2.511612714120698531e+00 2.527191719681085136e+00 2.511612714120698531e+00
2.082548386728936940e+00 2.109522816013318369e+00 2.086593495484425187e+00
2.517592120900114416e+00 2.534728268713257293e+00 2.569629749222671400e+00
1.763752076008385350e+00 1.777704771227383684e+00 1.770128282795717878e+00
2.436794301399571872e+00 2.489180817901771370e+00 2.446743363861720866e+00
2.082548386728936940e+00 2.099339810612888879e+00 2.086593495484424743e+00
