2.127750558599394992e+00 2.143027505973361890e+00 2.141881177121656155e+00
2.145908455547200777e+00 2.197969303923281270e+00 2.254839713738601148e+00
2.870707317812862147e+00 2.928731675490682029e+00 2.966728495225844142e+00
2.162003721290595148e+00 2.173246097858571257e+00 2.179870945936735360e+00
2.809252057509853184e+00 2.840217196123838939e+00 2.940937746521790519e+00
2.173403600422529003e+00 2.179573892446459382e+00 2.209816487403084562e+00
2.162003721290595148e+00 2.174895008792378626e+00 2.173403600422529447e+00
2.162003721290595148e+00 2.175804039683526092e+00 2.162003721290595148e+00
2.870707317812862147e+00 2.920549409152377596e+00 2.966728495225845030e+00
2.162003721290595148e+00 2.176374033640122274e+00 2.162003721290595148e+00
2.145908455547200777e+00 2.217483874125163013e+00 2.254839713738601148e+00
2.145908455547200777e+00 2.203559969410558761e+00 2.145908455547200777e+00
2.304275154309757934e+00 2.333870997106993972e+00 2.359325751928090575e+00
2.809252057509853184e+00 2.854675420409554576e+00 2.940937746521790075e+00
2.887004751807439096e+00 2.928112018471700662e+00 2.943023288781832392e+00
2.145908455547200777e+00 2.195783136141717939e+00 2.254839713738601148e+00
2.834177762706885595e+00 2.889542392919257630e+00 2.892062845551830019e+00
2.145908455547200777e+00 2.203596787275965418e+00 2.254839713738601148e+00
2.145908455547200777e+00 2.202757153117685274e+00 2.264496659891792607e+00
2.145908455547200777e+00 2.195560558735359713e+00 2.254839713738601148e+00
2.145908455547200777e+00 2.208995091710876046e+00 2.254839713738601148e+00
2.173403600422529447e+00 2.179918759638984405e+00 2.179870945936735360e+00
2.145908455547200777e+00 2.207672610244936440e+00 2.254839713738601592e+00
2.834177762706885595e+00 2.869159246677381425e+00 2.834177762706885595e+00
2.304275154309757490e+00 2.323039629282684260e+00 2.359325751928091019e+00
2.173403600422529003e+00 2.177249177390932822e+00 2.179870945936735360e+00
2.141881177121656155e+00 2.146781498481321826e+00 2.146235831986312181e+00
2.809252057509853184e+00 2.841211399335807020e+00 2.836702551117358695e+00
2.304275154309757490e+00 2.336909220668984766e+00 2.359325751928091019e+00
2.162003721290595148e+00 2.175440328330490836e+00 2.179870945936735360e+00
