7.135929107807551519e-01 8.516184435254109397e-01 9.198881540903222076e-01
1.018832025945488384e+00 1.419230192824349812e+00 1.383127106500630532e+00
1.891168733251533451e+00 2.410030068109306978e+00 1.891168733251533451e+00
1.544477447038341333e+00 1.701689245314465193e+00 1.912759050249177806e+00
1.616794251060094778e+00 1.838897561770441724e+00 2.314230367709678049e+00
1.038947051838306379e+00 1.194908220393401166e+00 1.192364228999425846e+00
7.774768196902021034e-01 9.460299604302102594e-01 9.699170975611711709e-01
1.034748367668688385e+00 1.149523006689531890e+00 1.034748367668688385e+00
1.891168733251533673e+00 2.326815295917398885e+00 2.742893596760008101e+00
1.034748367668688385e+00 1.171826823606051615e+00 1.311679096822360169e+00
1.018832025945488384e+00 1.433671427353837791e+00 1.018832025945488384e+00
7.774768196902023254e-01 9.583344558593553941e-01 7.982344637341055593e-01
1.549259484870102455e+00 1.635873747814108770e+00 1.936928575861965873e+00
1.616794251060094778e+00 1.931247648769593095e+00 2.314230367709678049e+00
2.177130607636232451e+00 2.684039197008050603e+00 2.895560165490403737e+00
1.018832025945488384e+00 1.284506297365306526e+00 1.891834532350650022e+00
1.375177015755241650e+00 1.859236578206969082e+00 2.249821345921591220e+00
1.018832025945488384e+00 1.284506297365306526e+00 1.891834532350650022e+00
1.101384421202972641e+00 1.405706513020442472e+00 1.899218068284661332e+00
1.018832025945488384e+00 1.451886181381594865e+00 1.018832025945488384e+00
1.018832025945488384e+00 1.379027165270566568e+00 1.383127106500630532e+00
1.544477447038340889e+00 1.816690979085758162e+00 1.912759050249177806e+00
1.018832025945488384e+00 1.484542169938839695e+00 1.891834532350650022e+00
1.313242040837603541e+00 1.510586821674475111e+00 1.512596484167230804e+00
1.549259484870102455e+00 1.633603636627700695e+00 1.549259484870102677e+00
1.544477447038341333e+00 1.685141544845669470e+00 1.915379618286451979e+00
7.774768196902017703e-01 9.220598657682608223e-01 7.982344637341053373e-01
1.605988375486325559e+00 1.990750433468259972e+00 1.667825774253489657e+00
1.549259484870102455e+00 1.613085126484903098e+00 1.549259484870102455e+00
