1.164787528553473450e+00 1.257276842651783966e+00 1.289898778763914233e+00
1.463524175743766476e+00 1.633199568758624265e+00 1.647620109516367171e+00
2.395116166220290221e+00 2.562666741602696696e+00 2.395116166220290221e+00
2.074565188642564451e+00 2.150007294171354832e+00 2.172042034135604371e+00
2.389766689395574240e+00 2.529524441781252797e+00 2.580889306077400303e+00
1.500546920001970985e+00 1.547065662941182529e+00 1.548455844048008068e+00
1.213345222854424588e+00 1.294207179505182825e+00 1.329507195223261107e+00
1.358166589345067843e+00 1.417853494846631257e+00 1.358166589345067843e+00
2.395116166220289777e+00 2.611471759740120469e+00 2.733222672294991273e+00
1.358166589345068065e+00 1.427395607930988408e+00 1.468962362411369904e+00
1.463524175743766476e+00 1.656334229625159082e+00 1.463524175743766476e+00
1.213345222854423922e+00 1.275583427948614901e+00 1.229065657218051610e+00
1.798503470131597171e+00 1.847460900535230266e+00 2.023546084229808528e+00
2.389766689395574240e+00 2.498298875943140818e+00 2.580889306077400303e+00
2.734774008493300990e+00 2.897617888329102165e+00 3.042968111335436987e+00
1.463524175743766698e+00 1.601105449493379407e+00 1.921310627276077376e+00
2.414264315020638652e+00 2.609850525027219703e+00 2.640352063468198285e+00
1.463524175743766698e+00 1.610310246182009353e+00 1.921310627276077376e+00
1.510239530541145125e+00 1.702490558367454110e+00 1.928034493110953429e+00
1.463524175743766476e+00 1.683703281401130125e+00 1.463524175743766476e+00
1.463524175743766476e+00 1.651609162135884601e+00 1.647620109516367171e+00
2.074565188642563562e+00 2.164461918954725395e+00 2.172042034135604816e+00
1.463524175743766698e+00 1.614789975381365039e+00 1.921310627276077376e+00
2.009747883266573165e+00 2.090641999517104832e+00 2.069111646204029320e+00
1.798503470131596949e+00 1.814099399178897398e+00 1.798503470131596949e+00
2.074565188642564451e+00 2.148027048312278531e+00 2.236196908251304905e+00
1.213345222854424366e+00 1.301181547663825766e+00 1.229065657218051832e+00
2.034089992891009224e+00 2.154988148319682217e+00 2.058219031530264864e+00
1.798503470131596949e+00 1.869570271186651977e+00 1.798503470131597393e+00
