9.511383466442039358e-01 1.055785153924103881e+00 1.096188017782091295e+00
1.102003203845297374e+00 1.494446233342569652e+00 1.743010884681003958e+00
1.897914388374994488e+00 2.296634573005458257e+00 2.747079254600897524e+00
1.042113131119194680e+00 1.164846055741698638e+00 1.042113131119194680e+00
1.618367382552273304e+00 1.827414320494349154e+00 2.322991518844645942e+00
1.042113131119194680e+00 1.212193056467733232e+00 1.318626868291421284e+00
1.042113131119194680e+00 1.159004168629513609e+00 1.195613801245697383e+00
1.042113131119194902e+00 1.155517079997693708e+00 1.316309478538227218e+00
1.897914388374994044e+00 2.352647469993143226e+00 2.747079254600897524e+00
1.042113131119195124e+00 1.173096876094229302e+00 1.316309478538227218e+00
1.102003203845297374e+00 1.454980280774937462e+00 1.743010884681003958e+00
1.102003203845296930e+00 1.405288358576905372e+00 1.102003203845296930e+00
1.765645478335933660e+00 1.848488022414978671e+00 1.955728412093179269e+00
1.618367382552272415e+00 1.938297570777451684e+00 2.322991518844647274e+00
2.192871970470666732e+00 2.628717062383777670e+00 2.538126830206545392e+00
1.102003203845296930e+00 1.321166599705436484e+00 1.743010884681003514e+00
1.573600652769133079e+00 1.837314272482879929e+00 1.871082146599265972e+00
1.102003203845296930e+00 1.364732375787212293e+00 1.743010884681003514e+00
1.102003203845297374e+00 1.501845285187746182e+00 1.899471088834052690e+00
1.102003203845297374e+00 1.488026756490872682e+00 1.743010884681003958e+00
1.102003203845297374e+00 1.430328948578328818e+00 1.743010884681003958e+00
1.042113131119194680e+00 1.200654556610789125e+00 1.042113131119194680e+00
1.102003203845296930e+00 1.397780518699468288e+00 1.743010884681003514e+00
1.573600652769133079e+00 1.884459725514842532e+00 1.612429331593904225e+00
1.765645478335934548e+00 1.838262326518887990e+00 1.955728412093179713e+00
1.042113131119194680e+00 1.146600636661510242e+00 1.042113131119194680e+00
9.511383466442039358e-01 1.073457953586446134e+00 1.117146228433680388e+00
1.618367382552273304e+00 1.957419901941595430e+00 2.315776523875037629e+00
1.765645478335934104e+00 1.849562457930274295e+00 1.955728412093179269e+00
1.042113131119194680e+00 1.189463077964630022e+00 1.042113131119194680e+00
