9.541953532245588399e-01 1.028868025001187458e+00 1.117751349962949670e+00
1.285001398525659866e+00 1.525535774880214523e+00 1.534839069845486792e+00
2.215229752232382054e+00 2.465998682066480985e+00 2.215229752232382054e+00
1.852434290413755624e+00 1.971561368701945982e+00 2.042388224504134264e+00
2.101511279992090309e+00 2.248404485061176405e+00 2.446024739907076029e+00
1.305109437258582306e+00 1.377512699311789213e+00 1.390453438280874421e+00
1.010167201211161547e+00 1.135078333184465604e+00 1.162576714287093305e+00
1.206859327556875305e+00 1.274583011969957935e+00 1.206859327556875305e+00
2.215229752232382499e+00 2.472370010265442453e+00 2.727676794403735450e+00
1.206859327556875305e+00 1.295598698812643779e+00 1.376290293411188692e+00
1.285001398525659866e+00 1.526409304360864416e+00 1.285001398525660088e+00
1.010167201211161769e+00 1.125958999435433761e+00 1.030049724962680102e+00
1.686467928087262758e+00 1.735952047289677225e+00 1.977871529093260250e+00
2.101511279992090753e+00 2.291661541107564037e+00 2.446024739907076029e+00
2.521768051062328819e+00 2.790517583391824097e+00 2.973266725253081777e+00
1.285001398525660088e+00 1.550519542012197327e+00 1.900860282018722369e+00
2.027552797875796120e+00 2.293438797485330749e+00 2.452614764165315542e+00
1.285001398525660088e+00 1.618788136884824480e+00 1.900860282018722369e+00
1.348363168963409908e+00 1.615864792923576321e+00 1.909007895717013126e+00
1.285001398525659866e+00 1.557202248535518141e+00 1.285001398525660088e+00
1.285001398525659866e+00 1.483998006100870626e+00 1.534839069845486792e+00
1.852434290413755624e+00 1.950186289712168897e+00 2.042388224504134264e+00
1.285001398525660088e+00 1.544710364969527072e+00 1.900860282018722369e+00
1.731470604702896932e+00 1.886917116888781720e+00 1.850777419076774954e+00
1.686467928087262313e+00 1.735952047289676559e+00 1.686467928087262313e+00
1.852434290413755624e+00 1.977001257118693234e+00 2.092060676959633714e+00
1.010167201211161547e+00 1.105833567172963772e+00 1.030049724962679658e+00
1.859198707871545952e+00 2.062639943409997567e+00 1.894994805246529079e+00
1.686467928087262313e+00 1.763649012627397594e+00 1.686467928087262313e+00
