2.687617894750649938e+00 2.695899364458240743e+00 2.687617894750649938e+00
2.687617894750649938e+00 2.706941324068360633e+00 2.687617894750649938e+00
2.687617894750649938e+00 2.704180834165830660e+00 2.687617894750649938e+00
2.687617894750649938e+00 2.704180834165830660e+00 2.687617894750649938e+00
2.687617894750649938e+00 2.693138874555711215e+00 2.742827692801250272e+00
2.687617894750649938e+00 2.701420344263300688e+00 2.687617894750649938e+00
2.687617894750649938e+00 2.701420344263300688e+00 2.687617894750649938e+00
2.687617894750649938e+00 2.706941324068360633e+00 2.687617894750649938e+00
2.687617894750649938e+00 2.695899364458241187e+00 2.687617894750649938e+00
2.687617894750649938e+00 2.698659854360770716e+00 2.687617894750649938e+00
2.687617894750649938e+00 2.701420344263300688e+00 2.687617894750649938e+00
2.687617894750649938e+00 2.704180834165830660e+00 2.687617894750649938e+00
2.687617894750649938e+00 2.698659854360770716e+00 2.687617894750649938e+00
2.687617894750649938e+00 2.712462303873420133e+00 2.742827692801250272e+00
2.687617894750649938e+00 2.701420344263300688e+00 2.687617894750649938e+00
2.687617894750649938e+00 2.712462303873420133e+00 2.687617894750649938e+00
2.687617894750649938e+00 2.706941324068360633e+00 2.742827692801250272e+00
2.687617894750649938e+00 2.706941324068360633e+00 2.687617894750649938e+00
2.687617894750649938e+00 2.706941324068360188e+00 2.687617894750649938e+00
2.687617894750649938e+00 2.706941324068360633e+00 2.687617894750649938e+00
2.687617894750649938e+00 2.695899364458241187e+00 2.687617894750649938e+00
2.687617894750649938e+00 2.701420344263300688e+00 2.687617894750649938e+00
2.687617894750649938e+00 2.715222793775950549e+00 2.687617894750649938e+00
2.687617894750649938e+00 2.709701813970890605e+00 2.687617894750649938e+00
2.687617894750649938e+00 2.709701813970890605e+00 2.687617894750649938e+00
2.687617894750649938e+00 2.720743773581010050e+00 2.687617894750649938e+00
2.687617894750649938e+00 2.706941324068360633e+00 2.687617894750649938e+00
2.687617894750649938e+00 2.709701813970890605e+00 2.687617894750649938e+00
2.687617894750649938e+00 2.717983283678480078e+00 2.687617894750649938e+00
2.687617894750649938e+00 2.704180834165830660e+00 2.687617894750649938e+00
2.687617894750649938e+00 2.709701813970890605e+00 2.687617894750649938e+00
