2.271863155832637204e+00 2.381037892191982586e+00 2.271863155832637204e+00
2.271863155832637204e+00 2.359202944920113953e+00 2.271863155832637204e+00
2.271863155832637204e+00 2.381037892191982586e+00 2.271863155832637204e+00
2.271863155832637204e+00 2.326450524012309895e+00 2.271863155832637204e+00
2.271863155832637204e+00 2.326450524012309451e+00 2.490212628551328855e+00
2.271863155832637204e+00 2.315533050376374913e+00 2.271863155832637204e+00
2.271863155832637204e+00 2.304615576740440375e+00 2.271863155832637204e+00
2.271863155832637204e+00 2.348285471284178971e+00 2.271863155832637204e+00
2.271863155832637204e+00 2.326450524012309451e+00 2.271863155832637204e+00
2.271863155832637204e+00 2.359202944920113509e+00 2.271863155832637204e+00
2.271863155832637204e+00 2.326450524012309895e+00 2.271863155832637204e+00
2.271863155832637204e+00 2.337367997648244877e+00 2.271863155832637204e+00
2.271863155832637204e+00 2.326450524012309895e+00 2.271863155832637204e+00
2.271863155832637204e+00 2.359202944920113509e+00 2.490212628551328855e+00
2.271863155832637204e+00 2.359202944920113065e+00 2.271863155832637204e+00
2.271863155832637204e+00 2.337367997648244433e+00 2.271863155832637204e+00
2.271863155832637204e+00 2.348285471284178527e+00 2.490212628551328855e+00
2.271863155832637204e+00 2.315533050376374913e+00 2.271863155832637204e+00
2.271863155832637204e+00 2.348285471284179415e+00 2.271863155832637204e+00
2.271863155832637204e+00 2.315533050376374913e+00 2.271863155832637204e+00
2.271863155832637204e+00 2.337367997648244433e+00 2.271863155832637204e+00
2.271863155832637204e+00 2.326450524012309451e+00 2.271863155832637204e+00
2.271863155832637204e+00 2.315533050376375801e+00 2.271863155832637204e+00
2.271863155832637204e+00 2.326450524012309451e+00 2.271863155832637204e+00
2.271863155832637204e+00 2.293698103104505392e+00 2.271863155832637204e+00
2.271863155832637204e+00 2.315533050376374913e+00 2.271863155832637204e+00
2.271863155832637204e+00 2.348285471284178527e+00 2.271863155832637204e+00
2.271863155832637204e+00 2.370120418556048048e+00 2.271863155832637204e+00
2.271863155832637204e+00 2.391955365827916680e+00 2.271863155832637204e+00
2.271863155832637204e+00 2.348285471284179415e+00 2.271863155832637204e+00
2.271863155832637204e+00 2.370120418556047603e+00 2.271863155832637204e+00
