2.506171880190338985e+00 2.547009363722521957e+00 2.507764130422680093e+00
2.506171880190338985e+00 2.534355764742813655e+00 2.546629378367617047e+00
2.541375966637110295e+00 2.564705326476706126e+00 2.572923472146521728e+00
2.506171880190339429e+00 2.538070658667197943e+00 2.506171880190339429e+00
3.030785869640227670e+00 3.051506187332038156e+00 3.030785869640227670e+00
2.541375966637110739e+00 2.562136867697170750e+00 2.543194520236343070e+00
2.506171880190338985e+00 2.531291880637407843e+00 2.506171880190338985e+00
2.506171880190338985e+00 2.534276152231196289e+00 2.506171880190338985e+00
2.541375966637110739e+00 2.562842262654632997e+00 2.572923472146521728e+00
2.506171880190338985e+00 2.535223439190078754e+00 2.506171880190338985e+00
2.506171880190338985e+00 2.551969772587830754e+00 2.546629378367617047e+00
2.506171880190338985e+00 2.547478975611701557e+00 2.546629378367617491e+00
2.541375966637110739e+00 2.560912662127487582e+00 2.563399802307414710e+00
3.030785869640227670e+00 3.059535853204388367e+00 3.030785869640227670e+00
2.541375966637110295e+00 2.563898462825222602e+00 2.580886698520757250e+00
2.506171880190338985e+00 2.546790995215068243e+00 2.546629378367617491e+00
3.030785869640227670e+00 3.055592815047206479e+00 3.051936956005994350e+00
2.506171880190338985e+00 2.545419130125182505e+00 2.546629378367617491e+00
2.506171880190338985e+00 2.538652757942267524e+00 2.546629378367617047e+00
2.506171880190338985e+00 2.526021084906152403e+00 2.546629378367617047e+00
2.506171880190338985e+00 2.542183615149666842e+00 2.546629378367617047e+00
2.541375966637110295e+00 2.562592926135525140e+00 2.543194520236343070e+00
2.506171880190339429e+00 2.539052524379520115e+00 2.546629378367617491e+00
2.506171880190338985e+00 2.548016041128595255e+00 2.570634062763135663e+00
2.541375966637110295e+00 2.555725434837238907e+00 2.563399802307414710e+00
2.541375966637110739e+00 2.553068412870401094e+00 2.543194520236343070e+00
2.541375966637110295e+00 2.555054490478642748e+00 2.541375966637110295e+00
2.506171880190338985e+00 2.540471127106749272e+00 2.572474429932986695e+00
2.541375966637110295e+00 2.559005563667006822e+00 2.563399802307414710e+00
2.506171880190338985e+00 2.535817009404003564e+00 2.506171880190338985e+00
