1.331442069318762966e+00 1.576295040131048264e+00 1.353567504498952578e+00
1.331442069318762966e+00 1.609987148240363819e+00 1.842650360971313184e+00
1.986036038748774324e+00 2.018941614444783816e+00 2.010863380124616739e+00
1.331442069318762966e+00 1.578342408175748446e+00 1.331442069318762966e+00
2.570394158482360414e+00 2.726551081676916954e+00 2.570394158482360414e+00
1.986036038748774324e+00 2.014138738986043897e+00 1.995395771316917921e+00
1.331442069318763188e+00 1.558681996846128959e+00 1.331442069318763188e+00
1.331442069318762966e+00 1.609296571925524333e+00 1.331442069318762966e+00
1.986036038748774324e+00 2.059304692092653433e+00 2.010863380124616739e+00
1.331442069318762966e+00 1.557469611857354330e+00 1.331442069318762966e+00
1.331442069318763188e+00 1.591558268655179464e+00 1.842650360971312962e+00
1.331442069318762966e+00 1.592558427184424197e+00 1.842650360971313184e+00
1.986036038748774324e+00 2.027383200080527192e+00 2.084007014257824419e+00
2.570394158482360858e+00 2.709764002969529351e+00 2.570394158482360858e+00
1.986036038748774324e+00 2.059056370703861383e+00 2.088973442033691619e+00
1.331442069318762966e+00 1.479603887351247149e+00 1.842650360971312962e+00
2.570394158482360858e+00 2.741862460595136941e+00 2.730886446610399254e+00
1.331442069318762966e+00 1.540147004031179323e+00 1.842650360971312962e+00
1.331442069318763188e+00 1.595558902772158616e+00 1.842650360971313406e+00
1.331442069318762966e+00 1.577526571875483619e+00 1.842650360971312962e+00
1.331442069318763188e+00 1.452149268939894711e+00 1.842650360971312962e+00
1.986036038748774324e+00 2.055580351011102813e+00 1.995395771316917921e+00
1.331442069318762966e+00 1.567076221601011898e+00 1.842650360971313406e+00
1.331442069318762966e+00 1.571395195407284895e+00 1.632079175497571644e+00
1.986036038748774324e+00 2.051493925776921134e+00 2.084007014257824864e+00
1.986036038748774324e+00 2.053079047676045210e+00 1.995395771316917921e+00
1.986036038748774324e+00 2.040235556042435228e+00 1.986036038748774324e+00
1.331442069318762966e+00 1.650367191672402312e+00 1.612076004912675664e+00
1.986036038748774324e+00 2.047740928546191164e+00 2.084007014257825308e+00
1.331442069318763188e+00 1.556363340098345427e+00 1.331442069318763188e+00
