9.935660536454803404e-01 1.126242472923559834e+00 1.130841238399654669e+00
1.136252337501378884e+00 1.491295695967832069e+00 1.753920582820036600e+00
1.961251987558418897e+00 2.382459358463873134e+00 2.757505452030807991e+00
1.083021841925492668e+00 1.178464715690906495e+00 1.083021841925492668e+00
1.686653312283386441e+00 1.932119914365354685e+00 2.356079051039552841e+00
1.083021841925492668e+00 1.203160696019078824e+00 1.344330497771265120e+00
1.083021841925492668e+00 1.200174211279172010e+00 1.228260919823385144e+00
1.083021841925492668e+00 1.193399454888299571e+00 1.335664531859270587e+00
1.961251987558418453e+00 2.339843264376507470e+00 2.757505452030807991e+00
1.083021841925492668e+00 1.212677528432287044e+00 1.335664531859270143e+00
1.136252337501378884e+00 1.423342891888518036e+00 1.753920582820036600e+00
1.136252337501378884e+00 1.542630473444736694e+00 1.136252337501378884e+00
1.779846245956929751e+00 1.843009074544595949e+00 1.972943834734965041e+00
1.686653312283386441e+00 1.984059156674812474e+00 2.356079051039552397e+00
2.232622319589706361e+00 2.633319899352025040e+00 2.559791955480135162e+00
1.136252337501378884e+00 1.429162621489142193e+00 1.753920582820036156e+00
1.651330102607207362e+00 1.874619522773768754e+00 1.931270273863190612e+00
1.136252337501378884e+00 1.435518793881459754e+00 1.753920582820036156e+00
1.136252337501378884e+00 1.502239709927776667e+00 1.901310988877063624e+00
1.136252337501378884e+00 1.497008020573101117e+00 1.753920582820036600e+00
1.136252337501378884e+00 1.479850301002337165e+00 1.753920582820036600e+00
1.083021841925492668e+00 1.227744749188020457e+00 1.083021841925492668e+00
1.136252337501378884e+00 1.403030263327291749e+00 1.753920582820036600e+00
1.651330102607207362e+00 1.894334316257806350e+00 1.683324029232636576e+00
1.779846245956929751e+00 1.835230878767979634e+00 1.972943834734965485e+00
1.083021841925492668e+00 1.207234645948840335e+00 1.083021841925492668e+00
9.935660536454803404e-01 1.112577752132281717e+00 1.151315535418217628e+00
1.686653312283386663e+00 1.947502096692035334e+00 2.329540973011335669e+00
1.779846245956929529e+00 1.929611019738162625e+00 1.972943834734965485e+00
1.083021841925492668e+00 1.212319148271838065e+00 1.083021841925492668e+00
