2.310850356561015673e+00 2.360935563251445934e+00 2.310850356561015673e+00
2.310850356561015673e+00 2.401003728603789966e+00 2.310850356561016117e+00
2.310850356561015673e+00 2.380969645927617506e+00 2.310850356561015673e+00
2.310850356561015673e+00 2.380969645927618394e+00 2.310850356561015673e+00
2.310850356561015673e+00 2.370952604589531720e+00 2.511191183322733611e+00
2.310850356561015673e+00 2.330884439237188133e+00 2.310850356561016117e+00
2.310850356561015673e+00 2.380969645927618394e+00 2.310850356561016117e+00
2.310850356561015673e+00 2.350918521913359704e+00 2.310850356561015673e+00
2.310850356561015673e+00 2.401003728603789966e+00 2.310850356561016117e+00
2.310850356561015673e+00 2.390986687265703292e+00 2.310850356561015673e+00
2.310850356561015673e+00 2.390986687265703292e+00 2.310850356561016117e+00
2.310850356561015673e+00 2.340901480575273919e+00 2.310850356561015673e+00
2.310850356561015673e+00 2.380969645927617506e+00 2.310850356561016117e+00
2.310850356561015673e+00 2.360935563251445934e+00 2.511191183322733611e+00
2.310850356561015673e+00 2.411020769941875308e+00 2.310850356561015673e+00
2.310850356561015673e+00 2.370952604589531720e+00 2.310850356561015673e+00
2.310850356561015673e+00 2.350918521913359704e+00 2.511191183322733611e+00
2.310850356561015673e+00 2.360935563251445934e+00 2.310850356561015673e+00
2.310850356561015673e+00 2.350918521913359704e+00 2.310850356561016117e+00
2.310850356561015673e+00 2.411020769941875752e+00 2.310850356561016117e+00
2.310850356561015673e+00 2.360935563251445934e+00 2.310850356561016117e+00
2.310850356561015673e+00 2.360935563251445934e+00 2.310850356561015673e+00
2.310850356561015673e+00 2.370952604589532164e+00 2.310850356561015673e+00
2.310850356561015673e+00 2.401003728603789966e+00 2.310850356561015673e+00
2.310850356561015673e+00 2.380969645927617506e+00 2.310850356561015673e+00
2.310850356561015673e+00 2.390986687265703292e+00 2.310850356561016117e+00
2.310850356561015673e+00 2.411020769941875308e+00 2.310850356561015673e+00
2.310850356561015673e+00 2.370952604589531720e+00 2.310850356561016117e+00
2.310850356561015673e+00 2.370952604589531720e+00 2.310850356561015673e+00
2.310850356561015673e+00 2.411020769941875752e+00 2.310850356561016117e+00
2.310850356561015673e+00 2.401003728603789078e+00 2.310850356561016117e+00
