2.077590542725488820e+00 2.205107847854411496e+00 2.082864529817245458e+00
2.077590542725488376e+00 2.162809663522324399e+00 2.249945562734477988e+00
2.293110202390804986e+00 2.329812638787168488e+00 2.334236613338612543e+00
2.077590542725488820e+00 2.183618655206049475e+00 2.077590542725488820e+00
2.897031460522484725e+00 2.970198925336622331e+00 2.897031460522484725e+00
2.293110202390804098e+00 2.325708340967576504e+00 2.297997822566371529e+00
2.077590542725488376e+00 2.190113377268568140e+00 2.077590542725488376e+00
2.077590542725488820e+00 2.178452172262481668e+00 2.077590542725488820e+00
2.293110202390804098e+00 2.329812638787167600e+00 2.334236613338613431e+00
2.077590542725488820e+00 2.177924773553305382e+00 2.077590542725488820e+00
2.077590542725488376e+00 2.193303055545271718e+00 2.249945562734477988e+00
2.077590542725488820e+00 2.147168736962976165e+00 2.249945562734477988e+00
2.293110202390804098e+00 2.327847312711923689e+00 2.356560060847724181e+00
2.897031460522485169e+00 2.971379298143081549e+00 2.897031460522485169e+00
2.293110202390804986e+00 2.327434276597769802e+00 2.360847545722613905e+00
2.077590542725488820e+00 2.176594424859946031e+00 2.249945562734477988e+00
2.897031460522485169e+00 2.961769926602818792e+00 2.961093937457571545e+00
2.077590542725488820e+00 2.212935555578302349e+00 2.249945562734477988e+00
2.077590542725488376e+00 2.169449555068703628e+00 2.249945562734477988e+00
2.077590542725488376e+00 2.161216670261581818e+00 2.249945562734477988e+00
2.077590542725488376e+00 2.196754323602152059e+00 2.249945562734477988e+00
2.293110202390804986e+00 2.326395764855544002e+00 2.297997822566371529e+00
2.077590542725488820e+00 2.178067833462756120e+00 2.249945562734477988e+00
2.077590542725488820e+00 2.178188472907892859e+00 2.218064601775520117e+00
2.293110202390804986e+00 2.335071459022437956e+00 2.356560060847723292e+00
2.293110202390804098e+00 2.341356431338062372e+00 2.297997822566371529e+00
2.293110202390804986e+00 2.319896418296175433e+00 2.293110202390804986e+00
2.077590542725488376e+00 2.192918716745546170e+00 2.218075149647570576e+00
2.293110202390804986e+00 2.336639017552272435e+00 2.356560060847723737e+00
2.077590542725488376e+00 2.164931637673050968e+00 2.077590542725488376e+00
