7.660174283654415106e-01 9.492128804807130615e-01 9.640935140738167153e-01
1.087138203149110582e+00 1.509447338390423443e+00 1.420436380242095620e+00
1.980393113120041182e+00 2.398957223488507928e+00 1.980393113120041182e+00
1.618958402293600107e+00 1.789823784799559281e+00 1.938348173602929325e+00
1.746379513039439946e+00 1.998514555219002675e+00 2.337110116366015067e+00
1.103082878594211946e+00 1.222694808292394075e+00 1.238899236063919052e+00
8.283109558836917463e-01 9.775358545643477726e-01 1.013093767874217788e+00
1.073288705947297528e+00 1.197148872915819728e+00 1.073288705947297528e+00
1.980393113120040738e+00 2.513302748936081521e+00 2.737519372930181216e+00
1.073288705947297528e+00 1.177844608413846084e+00 1.320878032295662363e+00
1.087138203149110582e+00 1.431612041606960872e+00 1.087138203149110582e+00
8.283109558836915243e-01 1.017080295034954673e+00 8.500393615804281433e-01
1.579742321833043750e+00 1.663103957513842657e+00 1.944204172879315351e+00
1.746379513039439946e+00 1.987985166628072120e+00 2.337110116366014623e+00
2.265229317096075778e+00 2.597743928284228510e+00 2.910104081116629882e+00
1.087138203149111026e+00 1.388577457597892195e+00 1.892937408432655122e+00
1.544300544245685414e+00 1.888496378153516897e+00 2.286863154085652994e+00
1.087138203149111026e+00 1.421907275307190632e+00 1.892937408432655122e+00
1.165630498177039787e+00 1.387897128399125490e+00 1.900616650666981045e+00
1.087138203149110582e+00 1.535817013544843013e+00 1.087138203149110582e+00
1.087138203149110582e+00 1.398282223897662213e+00 1.420436380242095620e+00
1.618958402293600551e+00 1.745184394396419592e+00 1.938348173602929325e+00
1.087138203149111026e+00 1.317702303369308270e+00 1.892937408432655122e+00
1.417030889496691426e+00 1.625807375531404642e+00 1.607957700657064226e+00
1.579742321833043528e+00 1.693268583335543198e+00 1.579742321833043750e+00
1.618958402293600107e+00 1.761840454338982287e+00 1.955550240924761152e+00
8.283109558836917463e-01 1.015443413486775581e+00 8.500393615804276992e-01
1.671575358675573719e+00 1.884119193574986140e+00 1.725605755275762876e+00
1.579742321833043528e+00 1.732855548081634112e+00 1.579742321833043528e+00
