1.318501390239762427e+00 1.375728830856551399e+00 1.400322378348738184e+00
1.396600700131522821e+00 1.581507376796160713e+00 1.844701707195084195e+00
2.342876117226420973e+00 2.602870988608009917e+00 2.831158114281454363e+00
1.394448828662885553e+00 1.473424189395305062e+00 1.394448828662885553e+00
2.118163719662156552e+00 2.324184862116299044e+00 2.577268689699885318e+00
1.394448828662885553e+00 1.466607176404784996e+00 1.564153983432821304e+00
1.394448828662885553e+00 1.467257797374099670e+00 1.479849284410081012e+00
1.394448828662885553e+00 1.459115574088574174e+00 1.521548132361132843e+00
2.342876117226420973e+00 2.648327254327932145e+00 2.831158114281453919e+00
1.394448828662885553e+00 1.458633982728233525e+00 1.521548132361133066e+00
1.396600700131522821e+00 1.546503914166688087e+00 1.844701707195084195e+00
1.396600700131522377e+00 1.600851910634349284e+00 1.396600700131522377e+00
1.903733869166316151e+00 1.990773447949412134e+00 2.073537086724639433e+00
2.118163719662156552e+00 2.271875598844665500e+00 2.577268689699885318e+00
2.488101400929845219e+00 2.699730423219908193e+00 2.702994860852330650e+00
1.396600700131522377e+00 1.602878367997257580e+00 1.844701707195084417e+00
2.138343594407044801e+00 2.289736422373989999e+00 2.315608282543462959e+00
1.396600700131522377e+00 1.633715588181048561e+00 1.844701707195084417e+00
1.396600700131522821e+00 1.645058186662014865e+00 1.937863118375656279e+00
1.396600700131522821e+00 1.596597541931496611e+00 1.844701707195084195e+00
1.396600700131522821e+00 1.642022871609718493e+00 1.844701707195084195e+00
1.394448828662885775e+00 1.450650773783043190e+00 1.394448828662885775e+00
1.396600700131522377e+00 1.582241260218968382e+00 1.844701707195084417e+00
2.138343594407044801e+00 2.280263521836071394e+00 2.138343594407044801e+00
1.903733869166316595e+00 1.950891740633707627e+00 2.073537086724638989e+00
1.394448828662885553e+00 1.465894836358330400e+00 1.394448828662885553e+00
1.318501390239762650e+00 1.383758903960585540e+00 1.416021025802694400e+00
2.118163719662156552e+00 2.271378311180208165e+00 2.460088788284922057e+00
1.903733869166316595e+00 1.964273423518241746e+00 2.073537086724638989e+00
1.394448828662885553e+00 1.474142546804443565e+00 1.394448828662885553e+00
