1.396087145588098766e+00 1.657230181241452716e+00 1.415599927103547762e+00
1.396087145588098766e+00 1.630711530785523111e+00 1.877620733119832686e+00
2.006979777488838934e+00 2.067038263862886804e+00 2.034535568847287035e+00
1.396087145588098766e+00 1.635719145207591652e+00 1.396087145588098766e+00
2.600511309169811991e+00 2.772022597599323568e+00 2.600511309169811991e+00
2.006979777488838490e+00 2.075725864578132907e+00 2.016093584698302354e+00
1.396087145588098766e+00 1.618980373692820551e+00 1.396087145588098766e+00
1.396087145588098766e+00 1.706726199734814431e+00 1.396087145588098766e+00
2.006979777488838490e+00 2.069818200253295437e+00 2.034535568847287479e+00
1.396087145588098766e+00 1.686067130513343226e+00 1.396087145588098766e+00
1.396087145588098766e+00 1.571926326278802133e+00 1.877620733119832686e+00
1.396087145588098766e+00 1.593313690049279696e+00 1.877620733119832908e+00
2.006979777488838490e+00 2.060244911868294615e+00 2.107269564943582640e+00
2.600511309169811547e+00 2.771160825464696664e+00 2.600511309169811547e+00
2.006979777488838934e+00 2.060645984922227392e+00 2.106905449566645938e+00
1.396087145588098766e+00 1.580854238407570111e+00 1.877620733119832686e+00
2.600511309169811547e+00 2.740055297762479025e+00 2.751730087007769665e+00
1.396087145588098766e+00 1.599173271283738984e+00 1.877620733119832686e+00
1.396087145588098766e+00 1.677765578199541752e+00 1.877620733119832686e+00
1.396087145588098766e+00 1.619217975314029001e+00 1.877620733119832686e+00
1.396087145588098766e+00 1.700742946236972752e+00 1.877620733119832686e+00
2.006979777488838934e+00 2.073874178880890096e+00 2.016093584698302354e+00
1.396087145588098766e+00 1.577312955989071508e+00 1.877620733119832908e+00
1.396087145588098766e+00 1.638540131575136005e+00 1.679549709029019899e+00
2.006979777488838934e+00 2.063433408594980811e+00 2.107269564943582640e+00
2.006979777488838490e+00 2.053919304517305200e+00 2.016093584698302354e+00
2.006979777488838934e+00 2.068459952250847333e+00 2.006979777488838934e+00
1.396087145588098766e+00 1.564702347774813207e+00 1.662510372781224266e+00
2.006979777488838934e+00 2.055657188600680918e+00 2.107269564943582640e+00
1.396087145588098766e+00 1.627170248367024952e+00 1.396087145588098766e+00
