1.461224404790293363e+00 1.646191647554100301e+00 1.478512666241705409e+00
1.461224404790293363e+00 1.727175270013104891e+00 1.911905809269331291e+00
2.029450561228558048e+00 2.104603337211362390e+00 2.059465215221208290e+00
1.461224404790293585e+00 1.722057671426953762e+00 1.461224404790293585e+00
2.630622255380566710e+00 2.776555991558208092e+00 2.630622255380566710e+00
2.029450561228558048e+00 2.076697403245362228e+00 2.038266680458275637e+00
1.461224404790293585e+00 1.615209098961950529e+00 1.461224404790293585e+00
1.461224404790293363e+00 1.679022092884257855e+00 1.461224404790293363e+00
2.029450561228558048e+00 2.077757329983509038e+00 2.059465215221209178e+00
1.461224404790293363e+00 1.668438712265849944e+00 1.461224404790293363e+00
1.461224404790293585e+00 1.646351880558066139e+00 1.911905809269331291e+00
1.461224404790293363e+00 1.684556866026812205e+00 1.911905809269331513e+00
2.029450561228558048e+00 2.091594067573912419e+00 2.130190768295532777e+00
2.630622255380566266e+00 2.756198709539594560e+00 2.630622255380566266e+00
2.029450561228558492e+00 2.082401658790186794e+00 2.126444873365795463e+00
1.461224404790293363e+00 1.692718338882808427e+00 1.911905809269331513e+00
2.630622255380566266e+00 2.770408888555350835e+00 2.772724045538127680e+00
1.461224404790293363e+00 1.681242716492630906e+00 1.911905809269331513e+00
1.461224404790293585e+00 1.685004104542980219e+00 1.911905809269331291e+00
1.461224404790293363e+00 1.702912373644011934e+00 1.911905809269331291e+00
1.461224404790293585e+00 1.651268083729152680e+00 1.911905809269331291e+00
2.029450561228558048e+00 2.090177643396489149e+00 2.038266680458275637e+00
1.461224404790293585e+00 1.686302422419818425e+00 1.911905809269331513e+00
1.461224404790293363e+00 1.642860767772054142e+00 1.728518035575980827e+00
2.029450561228558048e+00 2.079352068976106693e+00 2.130190768295532777e+00
2.029450561228558048e+00 2.073067837138124148e+00 2.038266680458275637e+00
2.029450561228558048e+00 2.078922617673669926e+00 2.029450561228558492e+00
1.461224404790293363e+00 1.632666733010849969e+00 1.714099829246589213e+00
2.029450561228558492e+00 2.069531559484408145e+00 2.130190768295533221e+00
1.461224404790293585e+00 1.674089159465306453e+00 1.461224404790293585e+00
