2.424203454041465644e+00 2.485248189512958561e+00 2.424203454041465644e+00
2.424203454041465644e+00 2.439464637909339206e+00 2.424203454041465644e+00
2.424203454041465644e+00 2.447095229843275543e+00 2.424203454041465644e+00
2.424203454041465644e+00 2.462356413711149106e+00 2.424203454041465644e+00
2.424203454041465644e+00 2.500509373380831235e+00 2.576815292720196382e+00
2.424203454041465644e+00 2.447095229843275543e+00 2.424203454041465644e+00
2.424203454041465644e+00 2.447095229843275543e+00 2.424203454041465644e+00
2.424203454041465644e+00 2.492878781446894898e+00 2.424203454041465644e+00
2.424203454041465644e+00 2.462356413711149106e+00 2.424203454041465644e+00
2.424203454041465644e+00 2.477617597579021780e+00 2.424203454041465644e+00
2.424203454041465644e+00 2.462356413711148662e+00 2.424203454041465644e+00
2.424203454041465644e+00 2.462356413711148662e+00 2.424203454041465644e+00
2.424203454041465644e+00 2.492878781446894898e+00 2.424203454041465644e+00
2.424203454041465644e+00 2.469987005645085443e+00 2.576815292720196382e+00
2.424203454041465644e+00 2.469987005645084999e+00 2.424203454041465644e+00
2.424203454041465644e+00 2.454725821777212325e+00 2.424203454041465644e+00
2.424203454041465644e+00 2.492878781446895342e+00 2.576815292720196382e+00
2.424203454041465644e+00 2.469987005645084999e+00 2.424203454041465644e+00
2.424203454041465644e+00 2.485248189512958561e+00 2.424203454041465644e+00
2.424203454041465644e+00 2.485248189512958561e+00 2.424203454041465644e+00
2.424203454041465644e+00 2.477617597579022224e+00 2.424203454041465644e+00
2.424203454041465644e+00 2.454725821777212325e+00 2.424203454041465644e+00
2.424203454041465644e+00 2.492878781446894898e+00 2.424203454041465644e+00
2.424203454041465644e+00 2.492878781446894898e+00 2.424203454041465644e+00
2.424203454041465644e+00 2.469987005645085887e+00 2.424203454041465644e+00
2.424203454041465644e+00 2.477617597579022224e+00 2.424203454041465644e+00
2.424203454041465644e+00 2.485248189512958117e+00 2.424203454041465644e+00
2.424203454041465644e+00 2.485248189512958561e+00 2.424203454041465644e+00
2.424203454041465644e+00 2.485248189512958561e+00 2.424203454041465644e+00
2.424203454041465644e+00 2.469987005645084999e+00 2.424203454041465644e+00
2.424203454041465644e+00 2.469987005645085887e+00 2.424203454041465644e+00
