2.520009014755568266e+00 2.566183712507078329e+00 2.520009014755568266e+00
2.520009014755568266e+00 2.566183712507078329e+00 2.520009014755568266e+00
2.520009014755568266e+00 2.566183712507078329e+00 2.520009014755568266e+00
2.520009014755568266e+00 2.560411875288139960e+00 2.520009014755568266e+00
2.520009014755568266e+00 2.560411875288139516e+00 2.635445759134345423e+00
2.520009014755568266e+00 2.566183712507078329e+00 2.520009014755568266e+00
2.520009014755568266e+00 2.537324526412384262e+00 2.520009014755568266e+00
2.520009014755568266e+00 2.531552689193445449e+00 2.520009014755568266e+00
2.520009014755568266e+00 2.548868200850261889e+00 2.520009014755568266e+00
2.520009014755568266e+00 2.543096363631323076e+00 2.520009014755568266e+00
2.520009014755568266e+00 2.577727386944956400e+00 2.520009014755568266e+00
2.520009014755568266e+00 2.554640038069200703e+00 2.520009014755568266e+00
2.520009014755568266e+00 2.560411875288139516e+00 2.520009014755568266e+00
2.520009014755568266e+00 2.554640038069200703e+00 2.635445759134344978e+00
2.520009014755568266e+00 2.560411875288139960e+00 2.520009014755568266e+00
2.520009014755568266e+00 2.560411875288139516e+00 2.520009014755568266e+00
2.520009014755568266e+00 2.543096363631323076e+00 2.635445759134344978e+00
2.520009014755568266e+00 2.583499224163894770e+00 2.520009014755568266e+00
2.520009014755568266e+00 2.571955549726017587e+00 2.520009014755568266e+00
2.520009014755568266e+00 2.571955549726018031e+00 2.520009014755568266e+00
2.520009014755568266e+00 2.537324526412384262e+00 2.520009014755568266e+00
2.520009014755568266e+00 2.566183712507078329e+00 2.520009014755568266e+00
2.520009014755568266e+00 2.571955549726017143e+00 2.520009014755568266e+00
2.520009014755568266e+00 2.548868200850261889e+00 2.520009014755568266e+00
2.520009014755568266e+00 2.560411875288139516e+00 2.520009014755568266e+00
2.520009014755568266e+00 2.554640038069200703e+00 2.520009014755568266e+00
2.520009014755568266e+00 2.566183712507078774e+00 2.520009014755568266e+00
2.520009014755568266e+00 2.566183712507078329e+00 2.520009014755568266e+00
2.520009014755568266e+00 2.571955549726017143e+00 2.520009014755568266e+00
2.520009014755568266e+00 2.566183712507078329e+00 2.520009014755568266e+00
2.520009014755568266e+00 2.548868200850261889e+00 2.520009014755568266e+00
