1.300432800425295188e+00 1.515254730841758546e+00 1.300432800425295188e+00
1.300432800425295632e+00 1.558081314088739511e+00 1.840253030551674440e+00
1.839826000072249945e+00 1.951264459476387270e+00 1.945097006395311245e+00
1.300432800425295410e+00 1.540304184481692040e+00 1.329210430263167986e+00
2.577508353837864696e+00 2.689485742248725053e+00 2.577508353837864696e+00
1.839826000072249945e+00 1.933204066854127934e+00 1.839826000072249945e+00
1.300432800425295632e+00 1.507170585042525435e+00 1.329210430263168430e+00
1.300432800425295188e+00 1.580870613374331990e+00 1.329210430263167986e+00
1.839826000072249945e+00 1.984095108644156058e+00 1.945097006395310801e+00
1.300432800425295410e+00 1.511704334966792684e+00 1.329210430263167986e+00
1.300432800425295410e+00 1.548147650366388905e+00 1.840253030551673996e+00
1.300432800425295188e+00 1.549803637306869097e+00 1.840253030551674440e+00
1.839826000072249945e+00 1.933451729173928602e+00 2.082917750668488388e+00
2.577508353837864696e+00 2.680716534624633773e+00 2.577508353837864696e+00
1.839826000072249945e+00 1.991067716632088480e+00 1.943465590909843277e+00
1.300432800425295410e+00 1.433585488965673171e+00 1.840253030551673996e+00
2.577508353837864696e+00 2.710997134753703186e+00 2.728911354483209539e+00
1.300432800425295410e+00 1.500331789752548550e+00 1.840253030551673996e+00
1.300432800425295632e+00 1.554771598128310339e+00 1.840253030551674662e+00
1.300432800425295632e+00 1.538454666558574990e+00 1.840253030551673996e+00
1.300432800425295410e+00 1.401626516637913378e+00 1.840253030551673996e+00
1.839826000072249945e+00 2.016688406910017495e+00 1.839826000072249945e+00
1.300432800425295410e+00 1.527152844742180715e+00 1.840253030551674662e+00
1.300432800425295188e+00 1.524492187206980320e+00 1.556189845229048574e+00
1.839826000072249945e+00 1.948260339416141962e+00 2.082917750668488832e+00
1.839826000072249945e+00 1.968386028469970128e+00 1.839826000072249945e+00
1.839826000072249945e+00 1.964227634746005702e+00 1.922399589657310948e+00
1.300432800425295632e+00 1.601172151716206526e+00 1.523070106419442515e+00
1.839826000072249945e+00 1.990670174178614360e+00 2.082917750668488832e+00
1.300432800425295632e+00 1.513143216458686879e+00 1.329210430263168430e+00
