-4.231410995214988646e-01 -4.120603623815639049e-01 -4.120603623815639049e-01 -4.231410995214988646e-01 -4.120603623815639049e-01 -4.120603623815639049e-01 -4.231410995214988646e-01 -4.120603623815639049e-01 -4.231410995214988646e-01 -4.231410995214988646e-01
-3.380584314434680882e-01 -3.380584314434680882e-01 -3.380584314434680882e-01 -3.291938417315201093e-01 -3.380584314434680882e-01 -3.380584314434680882e-01 -3.291938417315201093e-01 -3.291938417315201093e-01 -3.291938417315201093e-01 -3.291938417315201093e-01
-3.291938417315201093e-01 -3.291938417315201093e-01 -3.291938417315201093e-01 -3.291938417315201093e-01 -3.380584314434680882e-01 -3.291938417315201093e-01 -3.380584314434680882e-01 -3.291938417315201093e-01 -3.291938417315201093e-01 -3.380584314434680882e-01
-3.291938417315201093e-01 -3.380584314434680882e-01 -3.291938417315201093e-01 -3.291938417315201093e-01 -3.380584314434680882e-01 -3.291938417315201093e-01 -3.380584314434680882e-01 -3.291938417315201093e-01 -3.380584314434680882e-01 -3.291938417315201093e-01
-3.291938417315201093e-01 -3.291938417315201093e-01 -3.291938417315201093e-01 -3.380584314434680882e-01 -3.380584314434680882e-01 -3.380584314434680882e-01 -3.291938417315201093e-01 -3.380584314434680882e-01 -3.380584314434680882e-01 -3.380584314434680882e-01
-3.380584314434680882e-01 -3.291938417315201093e-01 -3.291938417315201093e-01 -3.291938417315201093e-01 -3.380584314434680882e-01 -3.291938417315201093e-01 -3.291938417315201093e-01 -3.291938417315201093e-01 -3.380584314434680882e-01 -3.380584314434680882e-01
-3.380584314434680882e-01 -3.380584314434680882e-01 -3.380584314434680882e-01 -3.291938417315201093e-01 -3.291938417315201093e-01 -3.380584314434680882e-01 -3.291938417315201093e-01 -3.380584314434680882e-01 -3.291938417315201093e-01 -3.291938417315201093e-01
-3.380584314434680882e-01 -3.380584314434680882e-01 -3.380584314434680882e-01 -3.291938417315201093e-01 -3.291938417315201093e-01 -3.380584314434680882e-01 -3.380584314434680882e-01 -3.291938417315201093e-01 -3.291938417315201093e-01 -3.291938417315201093e-01
-3.380584314434680882e-01 -3.380584314434680882e-01 -3.380584314434680882e-01 -3.291938417315201093e-01 -3.291938417315201093e-01 -3.380584314434680882e-01 -3.291938417315201093e-01 -3.291938417315201093e-01 -3.291938417315201093e-01 -3.380584314434680882e-01
-3.291938417315201093e-01 -3.380584314434680882e-01 -3.380584314434680882e-01 -3.380584314434680882e-01 -3.380584314434680882e-01 -3.291938417315201093e-01 -3.380584314434680882e-01 -3.380584314434680882e-01 -3.380584314434680882e-01 -3.380584314434680882e-01
-3.657714655178805341e-01 -3.657714655178805341e-01 -3.756210096422671341e-01 -3.657714655178805341e-01 -3.756210096422671341e-01 -3.756210096422671341e-01 -3.756210096422671341e-01 -3.756210096422671341e-01 -3.657714655178805341e-01 -3.756210096422671341e-01
-3.291938417315201093e-01 -3.291938417315201093e-01 -3.291938417315201093e-01 -3.291938417315201093e-01 -3.380584314434680882e-01 -3.291938417315201093e-01 -3.380584314434680882e-01 -3.291938417315201093e-01 -3.291938417315201093e-01 -3.291938417315201093e-01
-3.291938417315201093e-01 -3.380584314434680882e-01 -3.380584314434680882e-01 -3.380584314434680882e-01 -3.380584314434680882e-01 -3.380584314434680882e-01 -3.291938417315201093e-01 -3.291938417315201093e-01 -3.291938417315201093e-01 -3.380584314434680882e-01
-3.380584314434680882e-01 -3.291938417315201093e-01 -3.291938417315201093e-01 -3.291938417315201093e-01 -3.380584314434680882e-01 -3.380584314434680882e-01 -3.380584314434680882e-01 -3.380584314434680882e-01 -3.380584314434680882e-01 -3.380584314434680882e-01
-3.291938417315201093e-01 -3.291938417315201093e-01 -3.291938417315201093e-01 -3.380584314434680882e-01 -3.291938417315201093e-01 -3.380584314434680882e-01 -3.380584314434680882e-01 -3.291938417315201093e-01 -3.380584314434680882e-01 -3.380584314434680882e-01
-3.380584314434680882e-01 -3.291938417315201093e-01 -3.380584314434680882e-01 -3.291938417315201093e-01 -3.380584314434680882e-01 -3.291938417315201093e-01 -3.291938417315201093e-01 -3.380584314434680882e-01 -3.291938417315201093e-01 -3.380584314434680882e-01
-3.380584314434680882e-01 -3.291938417315201093e-01 -3.380584314434680882e-01 -3.380584314434680882e-01 -3.291938417315201093e-01 -3.291938417315201093e-01 -3.291938417315201093e-01 -3.291938417315201093e-01 -3.291938417315201093e-01 -3.291938417315201093e-01
-3.380584314434680882e-01 -3.380584314434680882e-01 -3.291938417315201093e-01 -3.291938417315201093e-01 -3.291938417315201093e-01 -3.380584314434680882e-01 -3.291938417315201093e-01 -3.380584314434680882e-01 -3.291938417315201093e-01 -3.380584314434680882e-01
-3.380584314434680882e-01 -3.291938417315201093e-01 -3.291938417315201093e-01 -3.380584314434680882e-01 -3.291938417315201093e-01 -3.291938417315201093e-01 -3.380584314434680882e-01 -3.291938417315201093e-01 -3.380584314434680882e-01 -3.291938417315201093e-01
-3.380584314434680882e-01 -3.291938417315201093e-01 -3.291938417315201093e-01 -3.380584314434680882e-01 -3.291938417315201093e-01 -3.380584314434680882e-01 -3.291938417315201093e-01 -3.380584314434680882e-01 -3.291938417315201093e-01 -3.380584314434680882e-01
-3.291938417315201093e-01 -3.380584314434680882e-01 -3.380584314434680882e-01 -3.380584314434680882e-01 -3.380584314434680882e-01 -3.380584314434680882e-01 -3.291938417315201093e-01 -3.380584314434680882e-01 -3.380584314434680882e-01 -3.380584314434680882e-01
-3.291938417315201093e-01 -3.380584314434680882e-01 -3.380584314434680882e-01 -3.380584314434680882e-01 -3.291938417315201093e-01 -3.380584314434680882e-01 -3.291938417315201093e-01 -3.380584314434680882e-01 -3.380584314434680882e-01 -3.291938417315201093e-01
-3.291938417315201093e-01 -3.380584314434680882e-01 -3.291938417315201093e-01 -3.380584314434680882e-01 -3.291938417315201093e-01 -3.291938417315201093e-01 -3.291938417315201093e-01 -3.291938417315201093e-01 -3.291938417315201093e-01 -3.380584314434680882e-01
-3.291938417315201093e-01 -3.380584314434680882e-01 -3.380584314434680882e-01 -3.380584314434680882e-01 -3.291938417315201093e-01 -3.291938417315201093e-01 -3.380584314434680882e-01 -3.291938417315201093e-01 -3.291938417315201093e-01 -3.380584314434680882e-01
-3.380584314434680882e-01 -3.291938417315201093e-01 -3.380584314434680882e-01 -3.380584314434680882e-01 -3.380584314434680882e-01 -3.380584314434680882e-01 -3.380584314434680882e-01 -3.380584314434680882e-01 -3.291938417315201093e-01 -3.380584314434680882e-01
-3.291938417315201093e-01 -3.291938417315201093e-01 -3.291938417315201093e-01 -3.380584314434680882e-01 -3.291938417315201093e-01 -3.291938417315201093e-01 -3.291938417315201093e-01 -3.380584314434680882e-01 -3.380584314434680882e-01 -3.291938417315201093e-01
-3.291938417315201093e-01 -3.291938417315201093e-01 -3.380584314434680882e-01 -3.291938417315201093e-01 -3.380584314434680882e-01 -3.380584314434680882e-01 -3.380584314434680882e-01 -3.380584314434680882e-01 -3.291938417315201093e-01 -3.380584314434680882e-01
-5.211996656618608226e-01 -5.211996656618608226e-01 -5.211996656618608226e-01 -5.211996656618608226e-01 -5.064253494752808393e-01 -5.064253494752808393e-01 -5.064253494752808393e-01 -5.211996656618608226e-01 -5.064253494752808393e-01 -5.211996656618608226e-01
-6.686248233133511576e-01 -6.686248233133511576e-01 -6.686248233133511576e-01 -6.132738269078483739e-01 -6.686248233133511576e-01 -6.686248233133511576e-01 -6.132738269078483739e-01 -6.686248233133511576e-01 -6.132738269078483739e-01 -6.686248233133511576e-01
