-3.039143365014426723e-01 -2.894435855808823455e-01 -3.301148050628670005e-01 -2.910203023474345896e-01 -2.927784161329620161e-01
-2.324239375608225799e-01 -2.855236780540749697e-01 -1.786146295414610397e-01 -2.199861489814442239e-01 -1.455707415970544372e-01
-1.851552366988969689e-01 -2.387661624638393876e-01 -2.311305514912940784e-01 -2.801167325069705560e-01 -2.370166321409998000e-01
-1.667774821697158016e-01 -5.081690330303630793e-02 -2.496227109857407367e-01 -2.104044881438666137e-01 -1.334120976653045687e-01
-2.079807804440321206e-01 -1.579367277734348429e-01 -2.456770180056408459e-01 -1.780689815838623069e-01 -2.570644675345868935e-01
-2.177600307390083478e-01 -2.357765224773645252e-01 -1.896485525581838028e-01 -2.169457149181100719e-01 -1.632296426835781467e-01
-8.440306333574335018e-02 -2.288785446146051894e-01 -2.278056012025268251e-01 -1.837418664224818587e-01 -2.711509920877832047e-01
-2.529545223305416091e-01 -2.059143987876332349e-01 -2.466157332469850749e-01 -2.390532253601178603e-01 -2.461401392299133184e-01
-2.337939250039481609e-01 -1.942222724162790681e-01 -1.764127926359925769e-01 -2.011491846520057913e-01 -2.079706733868091073e-01
-2.017140400330485472e-01 -2.477376057907119122e-01 -2.934082555073419529e-01 -1.608456942115549793e-01 -1.739864829572582150e-01
-2.149051140464856013e-01 -2.907290400737234104e-01 -2.995573503498141221e-01 -2.825365732705708566e-01 -2.169151589087614518e-01
-1.924883233028397422e-01 -1.924440777600536501e-01 -1.281267189516038241e-01 -1.880455854566376039e-01 -2.925847084153589961e-01
-1.692960194032038790e-01 -1.666337735300641998e-01 -1.807441618424652507e-01 -1.547296195751670933e-01 -2.163263251756115113e-01
-1.750776367340714235e-01 -1.674529775703993972e-01 -1.656958943343875834e-01 -2.413336533658107241e-01 -2.824103842485539140e-01
-1.996704217671033676e-01 -2.180623938439495701e-01 -1.457733959777343102e-01 -1.882204148133255206e-01 -8.717805906139804162e-02
-2.210537674663020646e-01 -1.732017067189986215e-01 -2.451030677140691449e-01 -2.393764122994337940e-01 -1.206865175486309949e-01
-2.693454169214413718e-01 -1.356640606597403764e-01 -2.047581927989008399e-01 -1.620456619508097718e-01 -1.527994167202876008e-01
-2.134904583682614432e-01 -1.701282724794208057e-01 -1.918242444046245609e-01 -1.972672682730233773e-01 -2.587628953507001284e-01
-1.867688721525841145e-01 -2.275399914908702304e-01 -1.448398305208474790e-01 -1.705752294054777018e-01 -2.594609977147224189e-01
-2.499072144269950668e-01 -6.526215512752765735e-02 -2.423793807000270140e-01 -2.154385060236143623e-01 -2.380320256413497315e-01
-1.786930629282097449e-01 -2.322990009836832515e-01 -2.765853654070636325e-01 -2.686212656800724963e-01 -1.268432847697617549e-01
-1.847562902556426079e-01 -1.699769354346620243e-01 -1.766481574398487964e-01 -2.451319012154652699e-01 -2.226506662107952950e-01
-2.636154541297195952e-01 -2.654083067965331555e-01 -2.246817250812442879e-01 -2.454097741665726695e-01 -2.553798818180824104e-01
-1.533870868521471365e-01 -2.294768833359993321e-01 -1.911369548933404272e-01 -2.457900622650160405e-01 -1.519651357055596952e-01
-1.852615820719033246e-01 -2.358885752793204449e-01 -1.762063558589087864e-01 -1.703219223042202746e-01 -2.411030376434794564e-01
-2.162266419236990589e-01 -2.554153801619561959e-01 -1.330807954999934095e-01 -2.087747414304098326e-01 -1.401626579200879741e-01
-1.556673861503835021e-01 -1.224325219490361993e-01 -1.985563228737841079e-01 -1.820702637823383707e-01 -3.033828225437195103e-01
-3.719377875049245108e-01 -4.010422252593945913e-01 -2.630777559268901444e-01 -2.164379317336468933e-01 -2.095479590320918073e-01
-4.708174886529380987e-01 -6.197024297414003291e-01 -4.953959803675878071e-01 -1.957409067968229055e-01 -6.711015641975296431e-01
