-2.465603982941805550e-01
-1.890315255450936982e-01
-1.833541951086601063e-01
-1.858125581596031251e-01
-1.868285276387686156e-01
-1.922964395191383014e-01
-1.823310866821536147e-01
-1.831359646045584710e-01
-2.004591262659470574e-01
-1.946416228191548969e-01
-2.232299856630150792e-01
-1.989368404460880591e-01
-1.994160078047218232e-01
-1.902539457090207664e-01
-1.835718919258676751e-01
-2.123009229192338310e-01
-1.948886653455380868e-01
-1.876740538492135124e-01
-1.807099481225859505e-01
-1.876190369100401989e-01
-1.921848461322052948e-01
-1.940798808656876984e-01
-1.983625678019564076e-01
-1.979025454671111128e-01
-1.868259587825137069e-01
-1.941045711506290128e-01
-1.867403659516704562e-01
-3.179827295128864750e-01
-3.967370235859398742e-01
