-4.238307263599235819e-01
-3.383120165487469855e-01
-3.298173096708584273e-01
-3.383120165487469855e-01
-3.298173096708584273e-01
-3.298173096708584273e-01
-3.298173096708584273e-01
-3.383120165487470410e-01
-3.298173096708584273e-01
-3.383120165487469855e-01
-3.664645891867778227e-01
-3.298173096708584273e-01
-3.383120165487469300e-01
-3.298173096708584273e-01
-3.298173096708584273e-01
-3.383120165487470410e-01
-3.383120165487469300e-01
-3.298173096708584273e-01
-3.383120165487470410e-01
-3.298173096708584273e-01
-3.298173096708584273e-01
-3.298173096708584273e-01
-3.383120165487469300e-01
-3.383120165487470410e-01
-3.383120165487470410e-01
-3.298173096708584273e-01
-3.298173096708584273e-01
-5.086683367492145225e-01
-6.132028863095986271e-01
