-4.176007309515313293e-01
-3.336261365874940710e-01
-3.318532186451045307e-01
-3.327396776162993008e-01
-3.345125955586889521e-01
-3.327396776162993008e-01
-3.336261365874941265e-01
-3.336261365874941265e-01
-3.336261365874941265e-01
-3.362855135010785479e-01
-3.716811919925125385e-01
-3.309667596739097051e-01
-3.345125955586888966e-01
-3.353990545298837778e-01
-3.336261365874941265e-01
-3.336261365874941265e-01
-3.318532186451045307e-01
-3.336261365874941265e-01
-3.327396776162993008e-01
-3.336261365874941265e-01
-3.362855135010785479e-01
-3.345125955586888966e-01
-3.318532186451045307e-01
-3.336261365874941265e-01
-3.362855135010785479e-01
-3.318532186451045307e-01
-3.345125955586889521e-01
-5.152899391872287627e-01
-6.520195243917003003e-01
