-3.014542891251177359e-01
-2.124238271469714445e-01
-2.344370630604001582e-01
-1.622067364535328127e-01
-2.093455950683114075e-01
-2.046720926752489955e-01
-1.991960135326281134e-01
-2.381356037910382084e-01
-2.027097696190069409e-01
-2.155384156999831102e-01
-2.609286473298710884e-01
-1.987378827772987577e-01
-1.775459799053023813e-01
-2.063941092506445807e-01
-1.677809370927021704e-01
-1.998842943494869295e-01
-1.849225498102360088e-01
-2.062946277752060742e-01
-1.978369842569003834e-01
-2.022038563839027581e-01
-2.166083959537581927e-01
-1.998327901112827987e-01
-2.508990283984303682e-01
-1.943512246104124874e-01
-2.017562946315664407e-01
-1.907320433872293219e-01
-1.924218634598523492e-01
-2.924087318913896061e-01
-4.905516739512557622e-01
