-5.087363656759625458e-02
-2.095853869828522009e-01
-1.975924207658573961e-01
-1.717508585006284894e-01
-1.921123646662114826e-01
-1.156495697296708036e-01
-6.176267343313848052e-02
-1.399904493433840880e-01
-1.170730931993222701e-01
-8.764539552244338116e-02
-1.511038984842714983e-01
-1.418975892662766025e-01
-1.464490404315431649e-01
-1.175633622569336179e-01
-2.176149335786461969e-01
-1.545676654428058128e-01
-2.758009742656654106e-01
-1.813190719785900684e-01
-1.513970962571949963e-01
-2.349105547300531782e-01
-1.153478649721614985e-01
-6.741026091529654651e-02
-1.546380033081974914e-01
-2.043403076409627539e-01
-1.151307645453526485e-01
-1.100372549850171244e-01
-1.504758001136961010e-01
-3.773347823621629460e-01
-6.711015641975294210e-01
