4.041748577059781411e+00 4.239684594554683272e+00 4.478800707832493622e+00
4.041748577058534408e+00 4.322359337424548364e+00 4.343186555279601180e+00
5.280931650469734784e+00 5.445526763108756718e+00 5.391091874036963993e+00
4.041748577060539915e+00 4.234797487644955893e+00 4.475772235325857551e+00
5.163196198967764161e+00 5.178719972353658996e+00 5.163196198967764161e+00
5.280931650468051686e+00 5.541039166293222351e+00 5.280931650468051686e+00
4.041748577058528191e+00 4.271749454215404640e+00 4.475772235326116011e+00
4.041748577059781411e+00 4.239560632050354272e+00 4.475772235327087678e+00
5.280931650468051686e+00 5.450448188971556363e+00 5.391091874037879705e+00
4.041748577059745884e+00 4.256828978930444762e+00 4.475772235327004189e+00
4.041748577059930625e+00 4.253576318179439042e+00 4.343186555278575334e+00
4.041748577059781411e+00 4.320314313081603075e+00 4.343186555278954586e+00
5.280931650468051686e+00 5.376256082373894962e+00 5.790656626584137712e+00
5.163196198972287654e+00 5.177281160103883728e+00 5.163196198972287654e+00
5.280931650469695704e+00 5.404735112766241301e+00 5.334419922266375735e+00
4.041748577059745884e+00 4.312298507927701863e+00 4.343186555278916394e+00
5.163196198972287654e+00 5.181638827563569194e+00 5.181094953012907567e+00
4.041748577059745884e+00 4.303126236013752326e+00 4.343186555278916394e+00
4.041748577058528191e+00 4.299873575263617020e+00 4.343186555279597627e+00
4.041748577058534408e+00 4.291983846164717065e+00 4.343186555277654293e+00
4.041748577059930625e+00 4.303348813450176280e+00 4.343186555278494509e+00
5.280931650467366900e+00 5.448201176699379644e+00 5.280931650467366900e+00
4.041748577060539915e+00 4.337431236335013374e+00 4.343186555279618055e+00
4.041748577059781411e+00 4.297130107633480023e+00 4.109830264545974110e+00
5.280931650469734784e+00 5.407906705899458544e+00 5.790656626584570255e+00
5.280931650468051686e+00 5.422128342577200222e+00 5.280931650468051686e+00
5.280931650469734784e+00 5.504254284171175904e+00 5.339391717696088335e+00
4.041748577058534408e+00 4.266834886185169040e+00 4.041748577058534408e+00
5.280931650469695704e+00 5.401990920950579422e+00 5.790656626584359756e+00
4.041748577058528191e+00 4.298461706541922389e+00 4.475772235326116011e+00
