2.761091956529912128e+00 3.355651011733631783e+00 3.009171695617065989e+00
2.390488813145498437e+00 2.642007886744502265e+00 2.390488813147880531e+00
4.466624942814330979e+00 4.941802626184076175e+00 4.627840071932666000e+00
3.389261426301301228e+00 3.842782719617564346e+00 4.373581435610073953e+00
3.602991366837267950e+00 3.856525620299675161e+00 4.562640847311146608e+00
3.860605938828681083e+00 4.243184668840378038e+00 4.067611997581467520e+00
2.826064242207606991e+00 3.368658946414555544e+00 3.067631211964148008e+00
3.850980710464897872e+00 4.531830787118370729e+00 3.850980710464897872e+00
4.466624942814825694e+00 4.746058536445257658e+00 5.540527318443838389e+00
3.850980710464914303e+00 4.243318642152376086e+00 4.900247142627550900e+00
2.390488813145498437e+00 2.932641936353694856e+00 2.618368650674436804e+00
2.826064242205549970e+00 3.396283337845506622e+00 2.833139234954007879e+00
4.519431443713897600e+00 4.972873022680809996e+00 5.522842338641990700e+00
3.602991366839139342e+00 3.846091718965607864e+00 4.562640847309848979e+00
4.022602765356092291e+00 4.412306199251053940e+00 5.006774372270876405e+00
2.390488813145301705e+00 2.905772204536834824e+00 3.383643124551075854e+00
2.259230136534989164e+00 2.749411013818690019e+00 3.237775921689243219e+00
2.390488813145301705e+00 2.852032740901925045e+00 3.383643124551075854e+00
3.046269658463567342e+00 3.414857707227378025e+00 4.047419878172029861e+00
2.390488813145498437e+00 2.596431919239420072e+00 2.618368650674541165e+00
2.390488813145498437e+00 2.707141342256170091e+00 2.390488813147880531e+00
3.389261426301568569e+00 3.673849735583009757e+00 4.373581435611659352e+00
2.390488813145301705e+00 2.653401878620946341e+00 3.383643124550926196e+00
2.715709191045917681e+00 3.232955263836597481e+00 3.337826382579013540e+00
4.519431443712154994e+00 4.822361388440549845e+00 4.519431443712162100e+00
3.389261426301301228e+00 3.782702565103109205e+00 4.378564776341100639e+00
2.826064242203520482e+00 3.304641673457306528e+00 2.833139234957519292e+00
3.595155464962053404e+00 3.887580053709057459e+00 3.878047107306036079e+00
4.519431443712154994e+00 4.872849712561637681e+00 4.519431443712154994e+00
