5.807264817418479552e+00 5.852348291295190741e+00 5.882403940545803067e+00
5.807264817418479552e+00 5.848591335138655367e+00 5.882403940546330645e+00
5.807264817418479552e+00 5.859862203607955955e+00 5.882403940545799514e+00
5.807264817418479552e+00 5.859862203607962172e+00 5.882403940545885668e+00
5.807264817418479552e+00 5.856105247451576901e+00 5.807264817418858804e+00
5.807264817418479552e+00 5.852348291295088600e+00 5.882403940546580223e+00
5.807264817418479552e+00 5.856105247451530715e+00 5.882403940546186760e+00
5.807264817418479552e+00 5.852348291295141891e+00 5.882403940545803067e+00
5.807264817418479552e+00 5.863619159764246191e+00 5.882403940546580223e+00
5.807264817418479552e+00 5.837320466669646990e+00 5.882403940545799514e+00
5.807264817418479552e+00 5.863619159764203559e+00 5.882403940546580223e+00
5.807264817418479552e+00 5.848591335138900504e+00 5.882403940545803067e+00
5.807264817418479552e+00 5.859862203607965725e+00 5.882403940546580223e+00
5.807264817418479552e+00 5.859862203607961284e+00 5.807264817418479552e+00
5.807264817418479552e+00 5.859862203607882236e+00 5.882403940545803067e+00
5.807264817418479552e+00 5.859862203607912434e+00 5.882403940545799514e+00
5.807264817418479552e+00 5.859862203607734799e+00 5.807264817418479552e+00
5.807264817418479552e+00 5.852348291295129457e+00 5.882403940545799514e+00
5.807264817418479552e+00 5.852348291295102811e+00 5.882403940546186760e+00
5.807264817418479552e+00 5.859862203607863584e+00 5.882403940546330645e+00
5.807264817418479552e+00 5.844834378982445955e+00 5.882403940546580223e+00
5.807264817418479552e+00 5.837320466669722485e+00 5.882403940545885668e+00
5.807264817418479552e+00 5.844834378982293188e+00 5.882403940545885668e+00
5.807264817418479552e+00 5.863619159764189348e+00 5.882403940545803067e+00
5.807264817418479552e+00 5.863619159764317246e+00 5.882403940545799514e+00
5.807264817418479552e+00 5.863619159764239086e+00 5.882403940546580223e+00
5.807264817418479552e+00 5.859862203607868913e+00 5.882403940545799514e+00
5.807264817418479552e+00 5.848591335138793923e+00 5.882403940546330645e+00
5.807264817418479552e+00 5.856105247451563578e+00 5.882403940545803067e+00
5.807264817418479552e+00 5.863619159764356326e+00 5.882403940546186760e+00
5.807264817418479552e+00 5.856105247451512064e+00 5.882403940546186760e+00
