3.724252268349489192e+00 4.045023560996495959e+00 3.943400411020006491e+00
3.050612088103109354e+00 3.430470256930456152e+00 3.396650944616195211e+00
4.474540505401085611e+00 4.873280251304377586e+00 5.553959718282794888e+00
3.863421347451119203e+00 4.268560097409035414e+00 3.863421347451119203e+00
3.614403964787511470e+00 3.898554816653481137e+00 4.577829530016723325e+00
3.863421347451119203e+00 4.234240647804513813e+00 4.912262157593763057e+00
3.863421347450456178e+00 4.020592727613488293e+00 4.070605757358590537e+00
3.863421347451009957e+00 4.243845384782110486e+00 4.904876354061221022e+00
4.474540505401559898e+00 4.912691068441035647e+00 5.553959718289244840e+00
3.863421347450972210e+00 4.323846395978927504e+00 4.904876354061066479e+00
3.050612088101325448e+00 3.277617947687860411e+00 3.396650944614691969e+00
3.050612088101376962e+00 3.319810928782081838e+00 3.365840798194460692e+00
4.841719851805403430e+00 4.883403929308643754e+00 5.531731615732756957e+00
3.614403964789750567e+00 3.941221187933546588e+00 4.577829530020689042e+00
4.660837588046772062e+00 5.006042975057418687e+00 4.789396412777925605e+00
3.050612088101345432e+00 3.289328125898549615e+00 3.396650944616510959e+00
3.259824287406296595e+00 3.566866697332425673e+00 3.341012264769881668e+00
3.050612088101345432e+00 3.424795470167365519e+00 3.396650944616510959e+00
3.050612088103109354e+00 3.392822827015810283e+00 4.051579394487085928e+00
3.050612088101331665e+00 3.234714834257514493e+00 3.396650944614666656e+00
3.050612088101331665e+00 3.376687590152371854e+00 3.396650944614666656e+00
3.863421347452126398e+00 4.051292106643812119e+00 3.863421347452126398e+00
3.050612088101376962e+00 3.327983268844644016e+00 3.396650944616518508e+00
3.259824287406263288e+00 3.508438178007693864e+00 3.259824287406263288e+00
4.841719851803974350e+00 4.952260411193732281e+00 5.531731615732002894e+00
3.863421347451119203e+00 4.146001996985248184e+00 3.863421347451119203e+00
3.724252268349403927e+00 4.220177321539313020e+00 3.959245338003979597e+00
3.614403964787222368e+00 3.873834684591189070e+00 4.573285410953026542e+00
4.841719851804869634e+00 5.062955738635507075e+00 5.531731615731698248e+00
3.863421347450456178e+00 4.265134048935600219e+00 3.863421347450456178e+00
