2.837612622465247814e+00 3.425514020481055688e+00 3.094487918418854289e+00
2.441836140008611267e+00 2.814597847386725249e+00 2.441836140008611267e+00
4.601025703215437801e+00 5.002126271108969569e+00 4.742155518548297088e+00
3.574306011094941393e+00 4.091436791838510167e+00 4.567833343943634716e+00
3.737077056408097953e+00 4.182050701061806208e+00 4.713767994539197481e+00
3.941934406468350360e+00 4.168424543353048684e+00 4.162377624073441140e+00
2.900945396207891935e+00 3.564362874458497199e+00 3.151866086157048663e+00
3.932212434954342140e+00 4.284914274071094376e+00 3.932212434954342140e+00
4.601025703215854357e+00 4.961101774679732124e+00 5.669897248240761023e+00
3.932212434954312386e+00 4.135377058035610176e+00 4.995340956172711344e+00
2.441836140008611267e+00 2.747967100830140730e+00 2.678879738640702168e+00
2.900945396207891491e+00 3.433432620933019930e+00 2.908193444133289063e+00
4.634480280482874193e+00 4.938454283932197875e+00 5.641695678846614825e+00
3.737077056409149556e+00 4.063740601150280796e+00 4.713767994539193040e+00
4.170091318593321716e+00 4.569536152633398629e+00 5.150743609825910063e+00
2.441836140008609046e+00 2.724262740966929108e+00 3.439142847194046837e+00
2.381793287076150012e+00 2.848813211394927158e+00 3.366534615810134135e+00
2.441836140008609046e+00 2.897563106907955266e+00 3.439142847194046837e+00
3.102963959223702606e+00 3.372847594152137418e+00 4.109687265675844081e+00
2.441836140008611267e+00 2.911871902472415563e+00 2.678879738640702168e+00
2.441836140008611267e+00 2.747967100830140730e+00 2.441836140008611267e+00
3.574306011095516045e+00 4.050191796275500522e+00 4.567833343943640045e+00
2.441836140008609046e+00 2.736114920898534031e+00 3.439142847194046837e+00
2.860929619527921020e+00 3.477959892722795932e+00 3.507847342664705437e+00
4.634480280482880410e+00 4.888455390802006306e+00 4.634480280482888404e+00
3.574306011094941393e+00 4.025281909852127527e+00 4.572783917000887044e+00
2.900945396207891935e+00 3.418149800499173718e+00 2.908193444133288175e+00
3.729046459030605387e+00 3.957177873086018316e+00 4.044163813176027134e+00
4.634480280482880410e+00 4.739182464987556465e+00 4.634480280482880410e+00
