3.809088966551370081e+00 4.087558438796157212e+00 4.040765233486566466e+00
3.107322740281421858e+00 3.361584646529624187e+00 3.459982972618491193e+00
4.608935718026947903e+00 4.908074251215529316e+00 5.683334322272869166e+00
3.944726931739916065e+00 4.413334190804778956e+00 3.944726931739916065e+00
3.748421898886156622e+00 4.053544063879295223e+00 4.728818514029726749e+00
3.944726931739916065e+00 4.392455507075312404e+00 5.007407210717355284e+00
3.944726931738538944e+00 4.241128137468968440e+00 4.165346891376116467e+00
3.944726931738539832e+00 4.356801312706194196e+00 4.999999472454847549e+00
4.608935718027221462e+00 5.023261966466429307e+00 5.683334322272870054e+00
3.944726931738574027e+00 4.336019313503943984e+00 4.999999472454847549e+00
3.107322740281421858e+00 3.443723207681921306e+00 3.459982972618491193e+00
3.107322740281423634e+00 3.292122739350407556e+00 3.432823850519186148e+00
4.958094261751929466e+00 5.123619834440951593e+00 5.652855962279951463e+00
3.748421898888735448e+00 3.985695803825559658e+00 4.728818514029724085e+00
4.812410786930028550e+00 5.050825860466678918e+00 4.942109146366466810e+00
3.107322740281424522e+00 3.435517488042234557e+00 3.459982972618488972e+00
3.367598727154704541e+00 3.587697665142467685e+00 3.454771157327200637e+00
3.107322740281424522e+00 3.400141114881633619e+00 3.459982972618488972e+00
3.107322740281421858e+00 3.393189718238082797e+00 4.113863361261716811e+00
3.107322740281421858e+00 3.272157740808322668e+00 3.459982972618491193e+00
3.107322740281421858e+00 3.427510702156472355e+00 3.459982972618491193e+00
3.944726931739338749e+00 4.249932143506726767e+00 3.944726931739338749e+00
3.107322740281423634e+00 3.385017557079887496e+00 3.459982972618488972e+00
3.367598727154704541e+00 3.682953507894070722e+00 3.367598727154704541e+00
4.958094261751929466e+00 5.264070942847508761e+00 5.652855962279947022e+00
3.944726931739916065e+00 4.359362513129882544e+00 3.944726931739916065e+00
3.809088966551366973e+00 4.132148470118620409e+00 4.056511112400647434e+00
3.748421898886121539e+00 3.944377308500961021e+00 4.724258873724651586e+00
4.958094261751923248e+00 5.073909950090799370e+00 5.652855962279949686e+00
3.944726931738538944e+00 4.234535218253286715e+00 3.944726931738538944e+00
