4.107431036763271592e+00 4.466451994578823026e+00 4.562196058752218342e+00
4.107431036763220966e+00 4.352641768698402025e+00 4.418873782549065155e+00
5.396068311140416185e+00 5.540031483817360325e+00 5.511493596843787479e+00
4.107431036762080545e+00 4.419392876641117240e+00 4.555216864026347956e+00
5.301400349281073510e+00 5.319847784460908002e+00 5.301400349281073510e+00
5.396068311140120421e+00 5.574065081710018354e+00 5.396068311140120421e+00
4.107431036763274257e+00 4.412575722567385839e+00 4.555216864026347956e+00
4.107431036763271592e+00 4.330845631504561588e+00 4.555216864026346180e+00
5.396068311140120421e+00 5.497441643996094029e+00 5.511493596844728060e+00
4.107431036763224519e+00 4.373692638755821704e+00 4.555216864026346180e+00
4.107431036762085874e+00 4.321622718169235711e+00 4.418873782549065155e+00
4.107431036763271592e+00 4.440386329059251125e+00 4.418873782549064266e+00
5.396068311140120421e+00 5.485104351779019005e+00 5.911785335919354623e+00
5.301400349281072621e+00 5.316339853132058479e+00 5.301400349281072621e+00
5.396068311140455265e+00 5.618267984725588526e+00 5.450648971209498761e+00
4.107431036763224519e+00 4.372452729086953482e+00 4.418873782549065155e+00
5.301400349281072621e+00 5.318155410201709010e+00 5.319555919977420722e+00
4.107431036763224519e+00 4.384728157182607333e+00 4.418873782549065155e+00
4.107431036763274257e+00 4.373567414706113432e+00 4.418873782549065155e+00
4.107431036763220966e+00 4.348599792368222694e+00 4.418873782549065155e+00
4.107431036762085874e+00 4.376864123899520287e+00 4.418873782549065155e+00
5.396068311140119533e+00 5.612809918718843605e+00 5.396068311140119533e+00
4.107431036762080545e+00 4.319169611244379148e+00 4.418873782549064266e+00
4.107431036763271592e+00 4.419267652591550188e+00 4.180344415362949206e+00
5.396068311140416185e+00 5.566612098702731437e+00 5.911785335919350182e+00
5.396068311140120421e+00 5.553905663567719309e+00 5.396068311140120421e+00
5.396068311140416185e+00 5.563088302052721090e+00 5.458596607674618184e+00
4.107431036763220966e+00 4.342423140127521286e+00 4.107431036763220966e+00
5.396068311140455265e+00 5.646530318333041976e+00 5.911785335919350182e+00
4.107431036763274257e+00 4.414856257778647652e+00 4.555216864026347956e+00
