5.905322572303696838e+00 5.953612726699792468e+00 5.985806162963863919e+00
5.905322572303696838e+00 5.969709444831820200e+00 5.985806162963867472e+00
5.905322572303696838e+00 5.973733624364824912e+00 5.985806162963863919e+00
5.905322572303696838e+00 5.961661085765793011e+00 5.985806162963818622e+00
5.905322572303696838e+00 5.973733624364828465e+00 5.905322572303696838e+00
5.905322572303696838e+00 5.961661085765809887e+00 5.985806162963822175e+00
5.905322572303696838e+00 5.961661085765811663e+00 5.985806162963867472e+00
5.905322572303696838e+00 5.965685265298814599e+00 5.985806162963863919e+00
5.905322572303696838e+00 5.977757803897839395e+00 5.985806162963822175e+00
5.905322572303696838e+00 5.949588547166786867e+00 5.985806162963863919e+00
5.905322572303696838e+00 5.973733624364823136e+00 5.985806162963822175e+00
5.905322572303696838e+00 5.937516008567762071e+00 5.985806162963863919e+00
5.905322572303696838e+00 5.949588547166784203e+00 5.985806162963822175e+00
5.905322572303696838e+00 5.969709444831827305e+00 5.905322572303696838e+00
5.905322572303696838e+00 5.953612726699789803e+00 5.985806162963863919e+00
5.905322572303696838e+00 5.965685265298809270e+00 5.985806162963863919e+00
5.905322572303696838e+00 5.953612726699790691e+00 5.905322572303696838e+00
5.905322572303696838e+00 5.965685265298805717e+00 5.985806162963863919e+00
5.905322572303696838e+00 5.965685265298811046e+00 5.985806162963867472e+00
5.905322572303696838e+00 5.961661085765809887e+00 5.985806162963867472e+00
5.905322572303696838e+00 5.961661085765797452e+00 5.985806162963822175e+00
5.905322572303696838e+00 5.961661085765802781e+00 5.985806162963818622e+00
5.905322572303696838e+00 5.961661085765805446e+00 5.985806162963818622e+00
5.905322572303696838e+00 5.953612726699787139e+00 5.985806162963863919e+00
5.905322572303696838e+00 5.957636906232790075e+00 5.985806162963863919e+00
5.905322572303696838e+00 5.957636906232797180e+00 5.985806162963822175e+00
5.905322572303696838e+00 5.957636906232797180e+00 5.985806162963863919e+00
5.905322572303696838e+00 5.957636906232798069e+00 5.985806162963867472e+00
5.905322572303696838e+00 5.961661085765800117e+00 5.985806162963863919e+00
5.905322572303696838e+00 5.945564367633774161e+00 5.985806162963867472e+00
5.905322572303696838e+00 5.953612726699790691e+00 5.985806162963867472e+00
