2.274413213782758625e+00 2.288595762702061442e+00 2.274413213782758625e+00
2.274413213782758625e+00 2.302778311621365148e+00 2.274413213782758625e+00
2.274413213782758625e+00 2.312233344234233989e+00 2.274413213782758625e+00
2.274413213782758625e+00 2.293323279008495863e+00 2.274413213782758625e+00
2.274413213782758625e+00 2.283868246395627022e+00 2.368963539911447036e+00
2.274413213782758625e+00 2.312233344234233989e+00 2.274413213782758625e+00
2.274413213782758625e+00 2.307505827927799125e+00 2.274413213782758625e+00
2.274413213782758625e+00 2.326415893153537251e+00 2.274413213782758625e+00
2.274413213782758625e+00 2.302778311621364704e+00 2.274413213782758625e+00
2.274413213782758625e+00 2.316960860540668854e+00 2.274413213782758625e+00
2.274413213782758625e+00 2.302778311621365148e+00 2.274413213782758625e+00
2.274413213782758625e+00 2.331143409459971672e+00 2.274413213782758625e+00
2.274413213782758625e+00 2.312233344234233989e+00 2.274413213782758625e+00
2.274413213782758625e+00 2.288595762702061442e+00 2.368963539911447480e+00
2.274413213782758625e+00 2.298050795314930728e+00 2.274413213782758625e+00
2.274413213782758625e+00 2.312233344234233989e+00 2.274413213782758625e+00
2.274413213782758625e+00 2.312233344234233989e+00 2.368963539911447480e+00
2.274413213782758625e+00 2.312233344234233989e+00 2.274413213782758625e+00
2.274413213782758625e+00 2.307505827927799125e+00 2.274413213782758625e+00
2.274413213782758625e+00 2.312233344234233989e+00 2.274413213782758625e+00
2.274413213782758625e+00 2.331143409459971672e+00 2.274413213782758625e+00
2.274413213782758625e+00 2.312233344234233989e+00 2.274413213782758625e+00
2.274413213782758625e+00 2.312233344234233989e+00 2.274413213782758625e+00
2.274413213782758625e+00 2.312233344234233989e+00 2.274413213782758625e+00
2.274413213782758625e+00 2.307505827927799569e+00 2.274413213782758625e+00
2.274413213782758625e+00 2.312233344234233989e+00 2.274413213782758625e+00
2.274413213782758625e+00 2.298050795314930284e+00 2.274413213782758625e+00
2.274413213782758625e+00 2.302778311621365148e+00 2.274413213782758625e+00
2.274413213782758625e+00 2.307505827927799125e+00 2.274413213782758625e+00
2.274413213782758625e+00 2.307505827927799125e+00 2.274413213782758625e+00
2.274413213782758625e+00 2.316960860540668410e+00 2.274413213782758625e+00
