8.478236606197037117e-01 1.037897587886908557e+00 1.094499702988760426e+00
1.072890503191711753e+00 1.465731262912138622e+00 1.720025523609956419e+00
1.893295491348603754e+00 2.354335393756541439e+00 2.746687793298455915e+00
9.198152710680584931e-01 1.127872492341080557e+00 9.198152710680584931e-01
1.501044065771318659e+00 1.886465227297164038e+00 2.323111312722522914e+00
9.198152710680584931e-01 1.078519717627616892e+00 1.318438972662678177e+00
9.198152710680588262e-01 1.179081415875736116e+00 1.191028581846043544e+00
9.198152710680588262e-01 1.109201426781042388e+00 1.315597174200972663e+00
1.893295491348603088e+00 2.443034668803435672e+00 2.746687793298455915e+00
9.198152710680589372e-01 1.135496631844712612e+00 1.315597174200972663e+00
1.072890503191711753e+00 1.420270128695739320e+00 1.720025523609956419e+00
1.072890503191711309e+00 1.270495238403634541e+00 1.094795249238641022e+00
1.609321272073311437e+00 1.842574506328009010e+00 1.953329813351047273e+00
1.501044065771318436e+00 1.898584276449194252e+00 2.323111312722523802e+00
2.237362791234882575e+00 2.488435486250994977e+00 2.416963889600916016e+00
1.072890503191711309e+00 1.524332336074396110e+00 1.720025523609956197e+00
1.585919520146059192e+00 1.820029393884919688e+00 1.737798487754036003e+00
1.072890503191711309e+00 1.367285294791953820e+00 1.720025523609956197e+00
1.072890503191711753e+00 1.327971898039141507e+00 1.899466325340296580e+00
1.072890503191711309e+00 1.395754871874977265e+00 1.720025523609956419e+00
1.072890503191711309e+00 1.441216006091376567e+00 1.720025523609956419e+00
9.198152710680588262e-01 1.140417241567376339e+00 9.198152710680588262e-01
1.072890503191711309e+00 1.343441836089397601e+00 1.720025523609956197e+00
1.585919520146059192e+00 1.892249650731864019e+00 1.585919520146059192e+00
1.609321272073310771e+00 1.750709557919986947e+00 1.953329813351047273e+00
9.198152710680584931e-01 1.161692691402368416e+00 9.198152710680584931e-01
8.478236606197037117e-01 9.832209221071547267e-01 1.115993818313960384e+00
1.501044065771318659e+00 1.873775636584295468e+00 2.314517810827303457e+00
1.609321272073311215e+00 1.684397635854781639e+00 1.953329813351047273e+00
9.198152710680588262e-01 1.117403957312810725e+00 9.198152710680588262e-01
