6.415000322853260384e-01 8.247329011428161660e-01 9.171010760089601810e-01
1.010614529052265009e+00 1.217799404905922867e+00 1.350794158003502998e+00
1.885676943758351598e+00 2.368599641379346643e+00 1.885676943758351598e+00
1.429228066569374844e+00 1.697495571482391608e+00 1.912177322756036135e+00
1.498055628572822817e+00 1.884532646584352378e+00 2.312970244879045012e+00
9.166474529501293933e-01 1.124284978358313092e+00 1.187723393820770745e+00
6.950768298517111532e-01 9.593399378708123981e-01 9.696098242771917786e-01
9.123457187992015660e-01 1.116758093310951550e+00 9.123457187992015660e-01
1.885676943758351820e+00 2.395472846871836037e+00 2.743096340815087242e+00
9.123457187992015660e-01 1.107823606391800997e+00 1.311493049397283617e+00
1.010614529052265009e+00 1.322930392074209038e+00 1.010614529052265009e+00
6.950768298517120414e-01 9.216557256354901417e-01 7.257521281096421806e-01
1.379206165420871599e+00 1.485731838385168535e+00 1.936918749296650644e+00
1.498055628572822817e+00 1.855959410053549918e+00 2.312970244879045456e+00
2.186912100481681609e+00 2.441337856747210822e+00 2.895346905975368923e+00
1.010614529052265009e+00 1.356948354969332637e+00 1.891834586259509177e+00
1.357526344878950741e+00 1.913827869281900629e+00 2.248087145869734016e+00
1.010614529052265009e+00 1.411052397794933411e+00 1.891834586259509177e+00
1.072501340216270416e+00 1.424450308249053387e+00 1.899213924691640631e+00
1.010614529052265009e+00 1.482165422068095983e+00 1.010614529052265009e+00
1.010614529052265009e+00 1.394043416347371611e+00 1.350794158003502998e+00
1.429228066569374622e+00 1.701287911826170118e+00 1.912177322756036135e+00
1.010614529052265009e+00 1.217799404905922867e+00 1.891834586259509177e+00
1.184008725165591525e+00 1.488062131926685128e+00 1.514968879722182304e+00
1.379206165420871599e+00 1.488240260290598194e+00 1.379206165420872043e+00
1.429228066569374844e+00 1.701725283317864879e+00 1.915264392279325323e+00
6.950768298517112642e-01 8.947103157924146677e-01 7.257521281096420696e-01
1.485531431100142408e+00 1.847186081958448467e+00 1.707079876686010245e+00
1.379206165420871599e+00 1.493315701748269664e+00 1.379206165420871599e+00
