1.300432800425295410e+00 1.500548895201135213e+00 1.300432800425295410e+00
1.300432800425295854e+00 1.564464581936123810e+00 1.840253030551674440e+00
1.839826000072249945e+00 1.936761509495482425e+00 1.945097006395311245e+00
1.300432800425295410e+00 1.556210479620203646e+00 1.329210430263167986e+00
2.577508353837864696e+00 2.697055892280992406e+00 2.577508353837864696e+00
1.839826000072249945e+00 1.958253520294158223e+00 1.839826000072249945e+00
1.300432800425295632e+00 1.478523586595726025e+00 1.329210430263168430e+00
1.300432800425295410e+00 1.500355364218498799e+00 1.329210430263167986e+00
1.839826000072249945e+00 1.950132538636468071e+00 1.945097006395310801e+00
1.300432800425295410e+00 1.548171224832338710e+00 1.329210430263167986e+00
1.300432800425295410e+00 1.503882185627514634e+00 1.840253030551673996e+00
1.300432800425295410e+00 1.510265453474898933e+00 1.840253030551674440e+00
1.839826000072249945e+00 1.957992355141499274e+00 2.082917750668488388e+00
2.577508353837864696e+00 2.714594307529174966e+00 2.577508353837864696e+00
1.839826000072249945e+00 1.948287103663873143e+00 1.943465590909843277e+00
1.300432800425295410e+00 1.528978788199347960e+00 1.840253030551673996e+00
2.577508353837864696e+00 2.688286684656901127e+00 2.728911354483209539e+00
1.300432800425295410e+00 1.533750960117620910e+00 1.840253030551673996e+00
1.300432800425295632e+00 1.473581458160766688e+00 1.840253030551674440e+00
1.300432800425295854e+00 1.540110653499055626e+00 1.840253030551673996e+00
1.300432800425295410e+00 1.521397318774606600e+00 1.840253030551673996e+00
1.839826000072249945e+00 1.957366311777058554e+00 1.839826000072249945e+00
1.300432800425295410e+00 1.507170585042525213e+00 1.840253030551674662e+00
1.300432800425295410e+00 1.546515237891858519e+00 1.556189845229048574e+00
1.839826000072249945e+00 1.959127225978399833e+00 2.082917750668488832e+00
1.839826000072249945e+00 1.960098955266752707e+00 1.839826000072249945e+00
1.839826000072249945e+00 1.948916097025294558e+00 1.922399589657310948e+00
1.300432800425295854e+00 1.548171224832338710e+00 1.523070106419442071e+00
1.839826000072249945e+00 1.951760025533973764e+00 2.082917750668488832e+00
1.300432800425295632e+00 1.565662783513480871e+00 1.329210430263168430e+00
