6.672197609228680548e+00 6.672197609228677884e+00 6.672197609228680548e+00
6.672197609228680548e+00 6.672197609228677884e+00 6.672197609228681436e+00
6.672197609228680548e+00 6.672197609228677884e+00 6.672197609228680548e+00
6.672197609228680548e+00 6.672197609228677884e+00 6.672197609228681436e+00
6.672197609228680548e+00 6.672197609228677884e+00 6.672197609228680548e+00
6.672197609228680548e+00 6.672197609228677884e+00 6.672197609228681436e+00
6.672197609228680548e+00 6.672197609228677884e+00 6.672197609228681436e+00
6.672197609228680548e+00 6.672197609228677884e+00 6.672197609228680548e+00
6.672197609228680548e+00 6.672197609228677884e+00 6.672197609228681436e+00
6.672197609228680548e+00 6.672197609228677884e+00 6.672197609228680548e+00
6.672197609228680548e+00 6.672197609228677884e+00 6.672197609228680548e+00
6.672197609228680548e+00 6.672197609228677884e+00 6.672197609228680548e+00
6.672197609228680548e+00 6.672197609228677884e+00 6.672197609228681436e+00
6.672197609228680548e+00 6.672197609228677884e+00 6.672197609228681436e+00
6.672197609228680548e+00 6.672197609228677884e+00 6.672197609228680548e+00
6.672197609228680548e+00 6.672197609228677884e+00 6.672197609228680548e+00
6.672197609228680548e+00 6.672197609228677884e+00 6.672197609228681436e+00
6.672197609228680548e+00 6.672197609228677884e+00 6.672197609228680548e+00
6.672197609228680548e+00 6.672197609228677884e+00 6.672197609228680548e+00
6.672197609228680548e+00 6.672197609228677884e+00 6.672197609228681436e+00
6.672197609228680548e+00 6.672197609228677884e+00 6.672197609228680548e+00
6.672197609228680548e+00 6.672197609228677884e+00 6.672197609228680548e+00
6.672197609228680548e+00 6.672197609228677884e+00 6.672197609228681436e+00
6.672197609228680548e+00 6.672197609228677884e+00 6.672197609228681436e+00
6.672197609228680548e+00 6.672197609228677884e+00 6.672197609228680548e+00
6.672197609228680548e+00 6.672197609228677884e+00 6.672197609228681436e+00
6.672197609228680548e+00 6.672197609228677884e+00 6.672197609228680548e+00
6.672197609228680548e+00 6.672197609228677884e+00 6.672197609228680548e+00
