-3.267545395511886608e-01 -2.696643658458792725e-01 -2.169571041670332046e-01
-5.944234688036310610e-01 -4.541417116766227613e-01 -5.942450149445444030e-01
-3.803098816916350433e-01 -3.641893593787666750e-01 -3.237878682897804561e-01
-3.812582509706061162e-01 -3.682656274191798973e-01 -3.051477736158660914e-01
-2.824934357964676845e-01 -1.793410366507702802e-01 -9.378044059178537728e-02
-3.471105086808788931e-01 -2.547763508853592151e-01 -3.126792590872059519e-01
-3.697620441100083477e-01 -3.079883350777055107e-01 -2.599646087258528637e-01
-3.628028465558893467e-01 -3.311348787028498553e-01 -3.072485162739662101e-01
-3.101928719063070106e-01 -2.256997921903551030e-01 -1.375913449089572749e-01
-2.767735259705716433e-01 -2.116862421024368890e-01 -2.034018406345513286e-01
-4.728505422575195460e-01 -4.371337716340543689e-01 -3.630531068733641176e-01
-5.266581310695770402e-01 -4.676691365868994588e-01 -4.509612101918197835e-01
-3.673184246358842109e-01 -3.274447843388526569e-01 -3.673184246358842109e-01
-3.285663947675486751e-01 -2.607098079013207559e-01 -1.793549702226127640e-01
-3.993335678993472082e-01 -3.239100878497211955e-01 -3.731319402552162323e-01
-2.907494717006262053e-01 -2.116416082904962470e-01 -2.137829007747443499e-01
-3.993335678993472082e-01 -3.139493271409216635e-01 -1.740885127792165810e-01
-2.727585895319112330e-01 -2.226029373373929199e-01 -2.708014527268739480e-01
-4.728505422575196571e-01 -4.203074988088704167e-01 -3.784318317823597289e-01
-5.944234688036308389e-01 -4.899395927646564286e-01 -3.616679833536705080e-01
-3.119394027423825766e-01 -2.933788229798586777e-01 -2.533370181585966607e-01
-3.993335678993472082e-01 -3.113382779832518654e-01 -1.740885127792165255e-01
-5.509963936753877745e-01 -4.941822918752105664e-01 -4.752994727976305178e-01
-5.086960488554438387e-01 -3.868053387460855808e-01 -5.086960488554438387e-01
-3.676422234159685276e-01 -3.268225185240091757e-01 -2.357636416255468603e-01
-4.078619738840852937e-01 -3.629783107604999670e-01 -3.000839550759312191e-01
-4.524853516664226194e-01 -3.531030577577688456e-01 -3.346095388676326166e-01
-5.086960488554439497e-01 -4.167771075968850214e-01 -4.674269521000445349e-01
