-5.987217573292787920e-01 -5.032495773027427788e-01 -5.987217573292787920e-01
-5.987217573292787920e-01 -5.456816573145366611e-01 -5.987217573292787920e-01
-5.987217573292787920e-01 -5.244656173086397200e-01 -5.987217573292787920e-01
-5.987217573292787920e-01 -5.244656173086397200e-01 -5.987217573292787920e-01
-5.987217573292787920e-01 -4.820335372968458931e-01 -3.865613572703099354e-01
-5.987217573292787920e-01 -5.456816573145366611e-01 -5.987217573292787920e-01
-5.987217573292787920e-01 -5.138575973056912494e-01 -5.987217573292787920e-01
-5.987217573292787920e-01 -5.244656173086397200e-01 -5.987217573292787920e-01
-5.987217573292787920e-01 -5.562896773174851317e-01 -5.987217573292787920e-01
-5.987217573292787920e-01 -5.244656173086397200e-01 -5.987217573292787920e-01
-5.987217573292787920e-01 -4.926415572997943637e-01 -5.987217573292787920e-01
-5.987217573292787920e-01 -5.244656173086397200e-01 -5.987217573292787920e-01
-5.987217573292787920e-01 -5.456816573145366611e-01 -5.987217573292787920e-01
-5.987217573292787920e-01 -4.926415572997943082e-01 -5.987217573292787920e-01
-5.987217573292787920e-01 -5.032495773027427788e-01 -5.987217573292787920e-01
-5.987217573292787920e-01 -5.244656173086397200e-01 -3.865613572703100465e-01
-5.987217573292787920e-01 -4.714255172938973670e-01 -5.987217573292787920e-01
-5.987217573292787920e-01 -5.668976973204336023e-01 -5.987217573292787920e-01
-5.987217573292787920e-01 -5.032495773027427788e-01 -5.987217573292787920e-01
-5.987217573292787920e-01 -5.032495773027428898e-01 -5.987217573292787920e-01
-5.987217573292787920e-01 -5.138575973056912494e-01 -5.987217573292787920e-01
-5.987217573292787920e-01 -5.350736373115881905e-01 -5.987217573292787920e-01
-5.987217573292787920e-01 -5.350736373115881905e-01 -5.987217573292787920e-01
-5.987217573292787920e-01 -5.350736373115881905e-01 -5.987217573292787920e-01
-5.987217573292787920e-01 -5.138575973056912494e-01 -5.987217573292787920e-01
-5.987217573292787920e-01 -5.350736373115883016e-01 -5.987217573292787920e-01
-5.987217573292787920e-01 -5.138575973056912494e-01 -5.987217573292787920e-01
-5.987217573292787920e-01 -5.456816573145366611e-01 -5.987217573292787920e-01
-5.987217573292787920e-01 -5.562896773174850207e-01 -5.987217573292787920e-01
