-7.150575914877935757e-01 -5.950414329960618254e-01 -6.548408723437826318e-01
-7.150575914877935757e-01 -6.084478129096571042e-01 -5.136548720578366645e-01
-5.491428421113306868e-01 -4.874139041641294412e-01 -4.877440525773528712e-01
-7.150575914877935757e-01 -5.933677086706354853e-01 -7.150575914877935757e-01
-5.368325662060200454e-01 -4.838028030633810816e-01 -5.368325662060200454e-01
-5.491428421113306868e-01 -5.028792371032952957e-01 -5.417604709172347821e-01
-7.150575914877935757e-01 -6.036749150062964420e-01 -7.150575914877935757e-01
-7.150575914877935757e-01 -5.802106128524678885e-01 -7.150575914877935757e-01
-5.491428421113306868e-01 -4.843846858033811209e-01 -4.877440525773529267e-01
-7.150575914877935757e-01 -5.885074821690505775e-01 -7.150575914877935757e-01
-7.150575914877935757e-01 -6.140202595262411744e-01 -5.136548720578365534e-01
-7.150575914877935757e-01 -6.238151869492919444e-01 -5.136548720578365534e-01
-5.491428421113306868e-01 -4.842348569239391942e-01 -4.902788826176867620e-01
-5.491428421113306868e-01 -5.033232701027209322e-01 -4.273818042892905122e-01
-7.150575914877935757e-01 -6.136075229431199318e-01 -5.136548720578365534e-01
-5.368325662060201564e-01 -4.697250455847574169e-01 -5.131428060294568327e-01
-7.150575914877935757e-01 -6.129455022645710072e-01 -5.136548720578365534e-01
-7.150575914877935757e-01 -6.050120266380706324e-01 -5.136548720578365534e-01
-7.150575914877935757e-01 -6.054871763889067005e-01 -5.136548720578366645e-01
-7.150575914877935757e-01 -5.799111293205898576e-01 -5.136548720578365534e-01
-5.491428421113306868e-01 -5.116162828490955494e-01 -5.417604709172347821e-01
-7.150575914877935757e-01 -5.978523277508732692e-01 -5.136548720578365534e-01
-7.150575914877935757e-01 -5.738635329531697193e-01 -5.708767558830671884e-01
-5.491428421113306868e-01 -4.882039683458348489e-01 -4.902788826176867065e-01
-5.491428421113306868e-01 -4.875406456661461330e-01 -5.417604709172347821e-01
-5.491428421113306868e-01 -4.947360532363624941e-01 -5.491428421113306868e-01
-7.150575914877935757e-01 -6.144694848240581653e-01 -6.720801099625470787e-01
-5.491428421113306868e-01 -4.876220878980471740e-01 -4.902788826176867065e-01
-7.150575914877935757e-01 -6.126460187326928652e-01 -7.150575914877935757e-01
