-6.836682397979000347e-01 -4.383560331507802554e-01 -5.063707305447001650e-01
-6.229242221884391251e-01 -5.070148291381255667e-01 -4.208615819931393887e-01
-6.108285261787337328e-01 -4.666756575817266883e-01 -2.541189195249247690e-01
-6.711015641975294210e-01 -5.512684701469006132e-01 -6.711015641975294210e-01
-6.708207747977055213e-01 -5.002164997011794290e-01 -3.372078063267338055e-01
-5.555701504838236326e-01 -4.204584380673098143e-01 -3.045938145965111921e-01
-6.711015641975294210e-01 -5.623348934744948346e-01 -5.608325090351068409e-01
-6.711015641975294210e-01 -4.967989300614983894e-01 -3.112723205105287771e-01
-6.108285261787336218e-01 -4.985001912066480689e-01 -2.541189195249248245e-01
-6.711015641975294210e-01 -5.752290208103726377e-01 -3.112723205105289437e-01
-6.229242221884391251e-01 -5.376661008635567063e-01 -4.208615819931392221e-01
-6.229242221884391251e-01 -5.773273404825294275e-01 -6.229242221884391251e-01
-5.081047876023124799e-01 -4.455186538387191364e-01 -4.412793940239112533e-01
-5.065689937819647382e-01 -4.433350409221712418e-01 -3.699743518696901323e-01
-6.229242221884391251e-01 -5.451289616260102111e-01 -4.208615819931393331e-01
-6.433277661879949205e-01 -4.686974537926842932e-01 -4.178396097277103927e-01
-6.229242221884391251e-01 -5.699754724131653738e-01 -4.208615819931393331e-01
-6.229242221884391251e-01 -5.785581498342893259e-01 -2.572133409963723860e-01
-6.229242221884391251e-01 -5.004309578035098793e-01 -4.208615819931393331e-01
-6.229242221884391251e-01 -5.489448607055636975e-01 -4.208615819931392221e-01
-5.555701504838238547e-01 -4.233867743197868849e-01 -5.555701504838238547e-01
-6.229242221884391251e-01 -5.320450193276695661e-01 -4.208615819931393331e-01
-6.818170660904018243e-01 -4.761082022432345795e-01 -6.165823984695292248e-01
-5.081047876023123688e-01 -4.462187910589129336e-01 -4.412793940239111978e-01
-5.555701504838236326e-01 -4.376854046702131629e-01 -5.555701504838236326e-01
-6.132028863095986271e-01 -4.753892265047188204e-01 -4.249306268792863439e-01
-7.609858039687235065e-01 -5.922057113153214036e-01 -2.677629455189481367e-01
-5.081047876023124799e-01 -4.696294158923990381e-01 -4.412793940239113089e-01
-6.711015641975294210e-01 -5.392460964416725400e-01 -6.711015641975294210e-01
