-7.150575914877935757e-01 -5.762252024101641723e-01 -6.548408723437826318e-01
-7.150575914877935757e-01 -5.701292721722150958e-01 -5.136548720578366645e-01
-5.491428421113306868e-01 -4.758789111689235019e-01 -4.877440525773528712e-01
-7.150575914877935757e-01 -5.850214964610140900e-01 -7.150575914877935757e-01
-5.368325662060200454e-01 -4.802493390368965942e-01 -5.368325662060200454e-01
-5.491428421113306868e-01 -4.399612199549697844e-01 -5.417604709172347821e-01
-7.150575914877935757e-01 -6.338975366520547272e-01 -7.150575914877935757e-01
-7.150575914877935757e-01 -5.682286731688709347e-01 -7.150575914877935757e-01
-5.491428421113306868e-01 -4.746097451792873900e-01 -4.877440525773529267e-01
-7.150575914877935757e-01 -6.218541928232526050e-01 -7.150575914877935757e-01
-7.150575914877935757e-01 -5.567842964038247633e-01 -5.136548720578365534e-01
-7.150575914877935757e-01 -6.132586965182034167e-01 -5.136548720578365534e-01
-5.491428421113306868e-01 -4.749094029381710769e-01 -4.902788826176867620e-01
-5.491428421113306868e-01 -5.100648941705554495e-01 -4.273818042892905122e-01
-7.150575914877935757e-01 -5.418920721150257691e-01 -5.136548720578365534e-01
-5.368325662060201564e-01 -4.849872910722092811e-01 -5.131428060294568327e-01
-7.150575914877935757e-01 -6.332985695882987764e-01 -5.136548720578365534e-01
-7.150575914877935757e-01 -5.884693439847668017e-01 -5.136548720578365534e-01
-7.150575914877935757e-01 -6.569870879279474662e-01 -5.136548720578366645e-01
-7.150575914877935757e-01 -6.338975366520547272e-01 -5.136548720578365534e-01
-5.491428421113306868e-01 -4.881586690757190317e-01 -5.417604709172347821e-01
-7.150575914877935757e-01 -6.018143197531571342e-01 -5.136548720578365534e-01
-7.150575914877935757e-01 -6.132586965182031946e-01 -5.708767558830671884e-01
-5.491428421113306868e-01 -4.894722588507362526e-01 -4.902788826176867065e-01
-5.491428421113306868e-01 -4.754163689462378994e-01 -5.417604709172347821e-01
-5.491428421113306868e-01 -5.095579281624886825e-01 -5.491428421113306868e-01
-7.150575914877935757e-01 -6.459408804808569604e-01 -6.720801099625470787e-01
-5.491428421113306868e-01 -4.992616105025792228e-01 -4.902788826176867065e-01
-7.150575914877935757e-01 -5.964658732260599283e-01 -7.150575914877935757e-01
