-4.860012266863998343e-01 -3.770687978248338790e-01 -3.655297780947698305e-01
-5.481497814776836730e-01 -4.365277140981745907e-01 -5.154465935449432656e-01
-4.051690366248301145e-01 -2.743911371834662494e-01 -4.051690366248301145e-01
-5.719612720012772211e-01 -5.335885587547359865e-01 -4.085734239463918449e-01
-4.878098000355037822e-01 -3.364545411521153162e-01 -1.174299182102506445e-01
-3.771551039360093727e-01 -2.900579956636934464e-01 -2.907636021957850647e-01
-5.375320541143860931e-01 -4.634022425960874214e-01 -4.192891587932944253e-01
-3.855041684279958414e-01 -2.999112766824955645e-01 -3.855041684279958414e-01
-4.051690366248301700e-01 -2.768973888553863949e-01 -1.725202723404736516e-01
-3.855041684279959524e-01 -2.951968270351477130e-01 -1.908979201651537227e-01
-5.481497814776834510e-01 -4.571456077142099228e-01 -5.481497814776834510e-01
-5.841008389793853617e-01 -5.259178365961049151e-01 -5.696368323956777502e-01
-4.719449715593685424e-01 -4.012726228949626828e-01 -3.181522310154373256e-01
-4.525480172665302669e-01 -3.720955477198558681e-01 -2.356323928900087572e-01
-5.481497814776835620e-01 -4.895664194228506183e-01 -2.666046608879324986e-01
-5.370321464522217481e-01 -4.024107972508955688e-01 -1.394583064324803612e-01
-5.481497814776835620e-01 -4.414331922880856962e-01 -2.666046608879324986e-01
-4.033952106596434550e-01 -3.299535400204067770e-01 -1.304320978138939491e-01
-5.481497814776835620e-01 -4.663173855537866563e-01 -5.481497814776835620e-01
-5.481497814776834510e-01 -4.803946415832741623e-01 -5.154465935449430436e-01
-4.853127117159978243e-01 -4.342520725881787169e-01 -3.219248636611124481e-01
-5.481497814776835620e-01 -4.365277140981747017e-01 -2.666046608879324986e-01
-6.205471834594371572e-01 -5.263029506333372076e-01 -6.000596606529411403e-01
-4.719449715593683758e-01 -4.216154754764160906e-01 -4.174238015566429927e-01
-4.853127117159978798e-01 -4.497436178918131633e-01 -3.893344637802469976e-01
-4.356056424975208174e-01 -3.487671764050819245e-01 -4.211416359138131504e-01
-4.363027160248695857e-01 -3.350658449280110585e-01 -3.759938341837837927e-01
-4.719449715593684869e-01 -4.121768568955078149e-01 -4.174238015566431037e-01
