-5.987217573292787920e-01 -5.138575973056911383e-01 -5.987217573292787920e-01
-5.987217573292787920e-01 -5.138575973056912494e-01 -5.987217573292787920e-01
-5.987217573292787920e-01 -5.562896773174850207e-01 -5.987217573292787920e-01
-5.987217573292787920e-01 -4.714255172938975891e-01 -5.987217573292787920e-01
-5.987217573292787920e-01 -5.138575973056912494e-01 -3.865613572703099354e-01
-5.987217573292787920e-01 -5.562896773174850207e-01 -5.987217573292787920e-01
-5.987217573292787920e-01 -4.714255172938974781e-01 -5.987217573292787920e-01
-5.987217573292787920e-01 -5.138575973056912494e-01 -5.987217573292787920e-01
-5.987217573292787920e-01 -5.138575973056912494e-01 -5.987217573292787920e-01
-5.987217573292787920e-01 -4.289934372821037623e-01 -5.987217573292787920e-01
-5.987217573292787920e-01 -5.562896773174850207e-01 -5.987217573292787920e-01
-5.987217573292787920e-01 -5.987217573292787920e-01 -5.987217573292787920e-01
-5.987217573292787920e-01 -5.562896773174850207e-01 -5.987217573292787920e-01
-5.987217573292787920e-01 -5.138575973056912494e-01 -5.987217573292787920e-01
-5.987217573292787920e-01 -5.562896773174850207e-01 -5.987217573292787920e-01
-5.987217573292787920e-01 -5.138575973056912494e-01 -3.865613572703100465e-01
-5.987217573292787920e-01 -5.562896773174850207e-01 -5.987217573292787920e-01
-5.987217573292787920e-01 -5.562896773174850207e-01 -5.987217573292787920e-01
-5.987217573292787920e-01 -5.987217573292787920e-01 -5.987217573292787920e-01
-5.987217573292787920e-01 -5.987217573292787920e-01 -5.987217573292787920e-01
-5.987217573292787920e-01 -5.562896773174850207e-01 -5.987217573292787920e-01
-5.987217573292787920e-01 -5.987217573292787920e-01 -5.987217573292787920e-01
-5.987217573292787920e-01 -5.987217573292787920e-01 -5.987217573292787920e-01
-5.987217573292787920e-01 -4.714255172938974781e-01 -5.987217573292787920e-01
-5.987217573292787920e-01 -4.289934372821037067e-01 -5.987217573292787920e-01
-5.987217573292787920e-01 -4.714255172938974781e-01 -5.987217573292787920e-01
-5.987217573292787920e-01 -5.987217573292787920e-01 -5.987217573292787920e-01
-5.987217573292787920e-01 -5.562896773174850207e-01 -5.987217573292787920e-01
-5.987217573292787920e-01 -5.138575973056912494e-01 -5.987217573292787920e-01
