-2.093377414616842402e-01 -1.736731049163990903e-01 -1.307578425141042722e-01
-5.205707090028599549e-01 -4.897105304218767330e-01 -4.332476012390680253e-01
-3.166380615338418858e-01 -2.925354839989573463e-01 -3.114819901200840957e-01
-3.006747223199417451e-01 -2.875662648547229194e-01 -3.006747223199417451e-01
-2.352751943712084459e-01 -1.470921997424648742e-01 -7.697437339918759835e-02
-3.483602475271234677e-01 -2.671237601308624199e-01 -2.115114550449645192e-01
-2.451773285940339608e-01 -2.042350397788152971e-01 -1.665974296464539928e-01
-3.013725137762070516e-01 -2.877365117450038090e-01 -2.986146958649775751e-01
-2.581402619557321976e-01 -1.958507158898597500e-01 -1.145988952768233621e-01
-2.648492710568352559e-01 -2.044325400114566094e-01 -1.675078963897763396e-01
-3.310844103836266261e-01 -2.823843357903400575e-01 -2.434002834305616092e-01
-3.889909705155288333e-01 -3.701309335752108742e-01 -3.144052027975103303e-01
-3.811457012342217010e-01 -3.283536188866932326e-01 -3.022333367285118810e-01
-2.662649689331969549e-01 -2.084965915493900979e-01 -2.091968870282887583e-01
-4.626720060726829398e-01 -3.476963093562247531e-01 -4.625651039113790053e-01
-3.298590164230264521e-01 -2.071655398438787543e-01 -1.767305343432861164e-01
-3.001456382251663779e-01 -2.582230317352184334e-01 -1.124403884478163557e-01
-2.982665151727754149e-01 -2.642162931009791049e-01 -2.854292933826481637e-01
-3.465726893387975349e-01 -3.028548144650205498e-01 -2.524979447924187714e-01
-4.531187086547281417e-01 -3.496551931732232998e-01 -2.829305431640301571e-01
-2.564502642905653884e-01 -2.494931597029112491e-01 -2.101522121602843185e-01
-3.001456382251664334e-01 -2.443564692851218356e-01 -1.450287643886457312e-01
-4.092728560203711119e-01 -3.806975686141469972e-01 -3.346870883023525534e-01
-4.728949241366295908e-01 -4.340492479755017063e-01 -4.194751121596702603e-01
-2.428546123280090896e-01 -2.256937814534923648e-01 -1.931372054962569862e-01
-3.091035378270224343e-01 -2.547297212552342427e-01 -2.458582334808898928e-01
-3.592642076853327926e-01 -2.919700288610460603e-01 -2.876627402208285500e-01
-4.520628200237519767e-01 -3.983554120054826897e-01 -3.773347823621629460e-01
