-4.860012266863998343e-01 -3.812035075333913281e-01 -3.655297780947698305e-01
-5.481497814776836730e-01 -3.726820715372848314e-01 -5.154465935449432656e-01
-4.051690366248301145e-01 -2.808155218665185915e-01 -4.051690366248301145e-01
-5.719612720012772211e-01 -5.335784800717424670e-01 -4.085734239463918449e-01
-4.878098000355037822e-01 -3.479343542763594366e-01 -1.174299182102506445e-01
-3.771551039360093727e-01 -2.900887695877298889e-01 -2.907636021957850647e-01
-5.375320541143860931e-01 -5.020140010294003030e-01 -4.192891587932944253e-01
-3.855041684279958414e-01 -2.952813778680914436e-01 -3.855041684279958414e-01
-4.051690366248301700e-01 -2.864933079796027071e-01 -1.725202723404736516e-01
-3.855041684279959524e-01 -2.943416372454983332e-01 -1.908979201651537227e-01
-5.481497814776834510e-01 -3.726820715372847759e-01 -5.481497814776834510e-01
-5.841008389793853617e-01 -5.733265877817380618e-01 -5.696368323956777502e-01
-4.719449715593685424e-01 -4.302821894500372113e-01 -3.181522310154373256e-01
-4.525480172665302669e-01 -3.978584906443846103e-01 -2.356323928900087572e-01
-5.481497814776835620e-01 -5.285278687180393620e-01 -2.666046608879324986e-01
-5.370321464522217481e-01 -3.285297528933682765e-01 -1.394583064324803612e-01
-5.481497814776835620e-01 -4.853001197731853233e-01 -2.666046608879324986e-01
-4.033952106596434550e-01 -3.392375250936622844e-01 -1.304320978138939491e-01
-5.481497814776835620e-01 -4.289910956552350219e-01 -5.481497814776835620e-01
-5.481497814776834510e-01 -4.722188446000890605e-01 -5.154465935449430436e-01
-4.853127117159978243e-01 -4.514892154436352389e-01 -3.219248636611124481e-01
-5.481497814776835620e-01 -4.918407573597333160e-01 -2.666046608879324986e-01
-6.205471834594371572e-01 -5.832617650068350201e-01 -6.000596606529411403e-01
-4.719449715593683758e-01 -4.501365035582782781e-01 -4.174238015566429927e-01
-4.853127117159978798e-01 -4.615577664716754569e-01 -3.893344637802469976e-01
-4.356056424975208174e-01 -3.826466343840502216e-01 -4.211416359138131504e-01
-4.363027160248695857e-01 -2.835030721031569501e-01 -3.759938341837837927e-01
-4.719449715593685424e-01 -4.392322695577332570e-01 -4.174238015566431037e-01
