-6.836682397979000347e-01 -5.541359798025806693e-01 -5.063707305447001650e-01
-6.229242221884391251e-01 -4.566848148006152353e-01 -4.208615819931393887e-01
-6.108285261787337328e-01 -5.072329626680487369e-01 -2.541189195249247690e-01
-6.711015641975294210e-01 -5.106043288393774526e-01 -6.711015641975294210e-01
-6.708207747977055213e-01 -5.735970506664206381e-01 -3.372078063267338055e-01
-5.555701504838236326e-01 -4.112177967881944229e-01 -3.045938145965111921e-01
-6.711015641975294210e-01 -5.328162111172687343e-01 -5.608325090351068409e-01
-6.711015641975294210e-01 -4.830622446577601536e-01 -3.112723205105287771e-01
-6.108285261787336218e-01 -5.034611550818677284e-01 -2.541189195249248245e-01
-6.711015641975294210e-01 -5.586938236602904118e-01 -3.112723205105289437e-01
-6.229242221884391251e-01 -4.220370828745713121e-01 -4.208615819931392221e-01
-6.229242221884391251e-01 -4.905899638814005259e-01 -6.229242221884391251e-01
-5.081047876023124799e-01 -4.421116749958547976e-01 -4.412793940239112533e-01
-5.065689937819647382e-01 -3.667168940823816725e-01 -3.699743518696901323e-01
-6.229242221884391251e-01 -5.726887451968032394e-01 -4.208615819931393331e-01
-6.433277661879949205e-01 -4.942299941581163591e-01 -4.178396097277103927e-01
-6.229242221884391251e-01 -5.318538440545144130e-01 -4.208615819931393331e-01
-6.229242221884391251e-01 -5.034915057005661110e-01 -2.572133409963723860e-01
-6.229242221884391251e-01 -5.395367238942209154e-01 -4.208615819931393331e-01
-6.229242221884391251e-01 -6.080896049010501292e-01 -4.208615819931392221e-01
-5.555701504838238547e-01 -4.188241108150186909e-01 -5.555701504838238547e-01
-6.229242221884391251e-01 -5.329205756471510069e-01 -4.208615819931393331e-01
-6.818170660904018243e-01 -4.444686549076029003e-01 -6.165823984695292248e-01
-5.081047876023123688e-01 -4.126196147695073146e-01 -4.412793940239111978e-01
-5.555701504838236326e-01 -4.487881098439991945e-01 -5.555701504838236326e-01
-6.132028863095986271e-01 -4.685981303565067146e-01 -4.249306268792863439e-01
-7.609858039687235065e-01 -3.837097046984387916e-01 -2.677629455189481367e-01
-5.081047876023124799e-01 -4.310469907444466342e-01 -4.412793940239113089e-01
-6.711015641975294210e-01 -4.129189388043625897e-01 -6.711015641975294210e-01
